0.0000000 0.0008068 0.0000705 0.0020761 0.0127458 0.2620608 0.0474367 0.2947308 0.3206371 0.0602423 0.0043629
0.0050251 0.0008050 0.0000706 0.0020796 0.0127591 0.2621291 0.0473706 0.2946689 0.3207327 0.0601895 0.0043627
0.0100503 0.0008032 0.0000706 0.0020831 0.0127724 0.2621974 0.0473044 0.2946073 0.3208281 0.0601367 0.0043625
0.0150754 0.0008014 0.0000707 0.0020866 0.0127857 0.2622657 0.0472383 0.2945460 0.3209232 0.0600840 0.0043623
0.0201005 0.0007995 0.0000708 0.0020901 0.0127990 0.2623340 0.0471721 0.2944850 0.3210179 0.0600312 0.0043621
0.0251256 0.0007977 0.0000708 0.0020936 0.0128124 0.2624023 0.0471059 0.2944242 0.3211124 0.0599784 0.0043619
0.0301508 0.0007959 0.0000709 0.0020971 0.0128257 0.2624706 0.0470397 0.2943638 0.3212066 0.0599256 0.0043617
0.0351759 0.0007941 0.0000710 0.0021007 0.0128390 0.2625389 0.0469734 0.2943036 0.3213005 0.0598728 0.0043614
0.0402010 0.0007923 0.0000710 0.0021042 0.0128524 0.2626073 0.0469072 0.2942437 0.3213942 0.0598200 0.0043612
0.0452261 0.0007904 0.0000711 0.0021078 0.0128658 0.2626756 0.0468409 0.2941841 0.3214875 0.0597671 0.0043610
0.0502513 0.0007886 0.0000712 0.0021114 0.0128791 0.2627439 0.0467747 0.2941248 0.3215805 0.0597143 0.0043607
0.0552764 0.0007868 0.0000713 0.0021150 0.0128925 0.2628123 0.0467084 0.2940658 0.3216733 0.0596615 0.0043605
0.0603015 0.0007850 0.0000713 0.0021186 0.0129059 0.2628806 0.0466421 0.2940070 0.3217657 0.0596087 0.0043602
0.0653266 0.0007832 0.0000714 0.0021222 0.0129193 0.2629490 0.0465758 0.2939485 0.3218579 0.0595559 0.0043599
0.0703518 0.0007813 0.0000715 0.0021259 0.0129327 0.2630173 0.0465095 0.2938904 0.3219497 0.0595030 0.0043597
0.0753769 0.0007795 0.0000715 0.0021295 0.0129461 0.2630857 0.0464432 0.2938325 0.3220413 0.0594502 0.0043594
0.0804020 0.0007777 0.0000716 0.0021332 0.0129595 0.2631541 0.0463769 0.2937749 0.3221325 0.0593973 0.0043591
0.0854271 0.0007759 0.0000717 0.0021368 0.0129729 0.2632225 0.0463106 0.2937176 0.3222235 0.0593445 0.0043588
0.0904523 0.0007740 0.0000717 0.0021405 0.0129863 0.2632908 0.0462442 0.2936605 0.3223142 0.0592917 0.0043585
0.0954774 0.0007722 0.0000718 0.0021442 0.0129998 0.2633592 0.0461779 0.2936038 0.3224045 0.0592388 0.0043582
0.1005025 0.0007704 0.0000719 0.0021479 0.0130132 0.2634276 0.0461115 0.2935473 0.3224946 0.0591860 0.0043579
0.1055276 0.0007686 0.0000720 0.0021516 0.0130266 0.2634960 0.0460452 0.2934912 0.3225844 0.0591331 0.0043576
0.1105528 0.0007668 0.0000720 0.0021554 0.0130401 0.2635644 0.0459788 0.2934353 0.3226738 0.0590803 0.0043573
0.1155779 0.0007649 0.0000721 0.0021591 0.0130535 0.2636328 0.0459124 0.2933797 0.3227630 0.0590274 0.0043569
0.1206030 0.0007631 0.0000722 0.0021629 0.0130670 0.2637012 0.0458460 0.2933244 0.3228518 0.0589745 0.0043566
0.1256281 0.0007613 0.0000722 0.0021666 0.0130804 0.2637696 0.0457796 0.2932694 0.3229404 0.0589217 0.0043563
0.1306533 0.0007595 0.0000723 0.0021704 0.0130939 0.2638381 0.0457132 0.2932146 0.3230286 0.0588688 0.0043559
0.1356784 0.0007576 0.0000724 0.0021742 0.0131074 0.2639065 0.0456468 0.2931602 0.3231166 0.0588160 0.0043556
0.1407035 0.0007558 0.0000724 0.0021780 0.0131209 0.2639749 0.0455804 0.2931061 0.3232042 0.0587631 0.0043552
0.1457286 0.0007540 0.0000725 0.0021818 0.0131343 0.2640433 0.0455140 0.2930522 0.3232915 0.0587103 0.0043548
0.1507538 0.0007522 0.0000726 0.0021857 0.0131478 0.2641118 0.0454476 0.2929986 0.3233785 0.0586574 0.0043545
0.1557789 0.0007503 0.0000726 0.0021895 0.0131613 0.2641802 0.0453812 0.2929453 0.3234652 0.0586045 0.0043541
0.1608040 0.0007485 0.0000727 0.0021934 0.0131748 0.2642487 0.0453148 0.2928923 0.3235516 0.0585517 0.0043537
0.1658291 0.0007467 0.0000728 0.0021972 0.0131883 0.2643171 0.0452483 0.2928396 0.3236377 0.0584988 0.0043533
0.1708543 0.0007449 0.0000728 0.0022011 0.0132018 0.2643856 0.0451819 0.2927872 0.3237235 0.0584460 0.0043529
0.1758794 0.0007430 0.0000729 0.0022050 0.0132154 0.2644541 0.0451154 0.2927351 0.3238090 0.0583931 0.0043525
0.1809045 0.0007412 0.0000730 0.0022089 0.0132289 0.2645225 0.0450490 0.2926833 0.3238941 0.0583403 0.0043521
0.1859296 0.0007394 0.0000730 0.0022128 0.0132424 0.2645910 0.0449826 0.2926317 0.3239790 0.0582874 0.0043517
0.1909548 0.0007376 0.0000731 0.0022168 0.0132559 0.2646595 0.0449161 0.2925805 0.3240635 0.0582346 0.0043513
0.1959799 0.0007357 0.0000732 0.0022207 0.0132695 0.2647280 0.0448497 0.2925295 0.3241477 0.0581817 0.0043509
0.2010050 0.0007339 0.0000733 0.0022247 0.0132830 0.2647965 0.0447832 0.2924789 0.3242316 0.0581289 0.0043505
0.2060302 0.0007321 0.0000733 0.0022286 0.0132965 0.2648650 0.0447168 0.2924285 0.3243152 0.0580760 0.0043500
0.2110553 0.0007303 0.0000734 0.0022326 0.0133101 0.2649335 0.0446503 0.2923784 0.3243985 0.0580232 0.0043496
0.2160804 0.0007284 0.0000735 0.0022366 0.0133236 0.2650020 0.0445839 0.2923286 0.3244815 0.0579704 0.0043491
0.2211055 0.0007266 0.0000735 0.0022406 0.0133372 0.2650705 0.0445174 0.2922791 0.3245641 0.0579175 0.0043487
0.2261307 0.0007248 0.0000736 0.0022447 0.0133507 0.2651390 0.0444510 0.2922299 0.3246464 0.0578647 0.0043482
0.2311558 0.0007230 0.0000737 0.0022487 0.0133643 0.2652075 0.0443845 0.2921810 0.3247284 0.0578119 0.0043478
0.2361809 0.0007211 0.0000737 0.0022527 0.0133779 0.2652761 0.0443180 0.2921323 0.3248101 0.0577591 0.0043473
0.2412060 0.0007193 0.0000738 0.0022568 0.0133914 0.2653446 0.0442516 0.2920840 0.3248915 0.0577063 0.0043468
0.2462312 0.0007175 0.0000739 0.0022609 0.0134050 0.2654131 0.0441851 0.2920360 0.3249725 0.0576535 0.0043463
0.2512563 0.0007157 0.0000739 0.0022650 0.0134186 0.2654817 0.0441187 0.2919882 0.3250533 0.0576007 0.0043458
0.2562814 0.0007138 0.0000740 0.0022691 0.0134322 0.2655502 0.0440522 0.2919407 0.3251337 0.0575479 0.0043453
0.2613065 0.0007120 0.0000741 0.0022732 0.0134458 0.2656188 0.0439858 0.2918936 0.3252138 0.0574951 0.0043448
0.2663317 0.0007102 0.0000741 0.0022773 0.0134594 0.2656873 0.0439194 0.2918467 0.3252935 0.0574423 0.0043443
0.2713568 0.0007084 0.0000742 0.0022815 0.0134729 0.2657559 0.0438529 0.2918001 0.3253730 0.0573895 0.0043438
0.2763819 0.0007065 0.0000743 0.0022856 0.0134865 0.2658245 0.0437865 0.2917538 0.3254521 0.0573367 0.0043433
0.2814070 0.0007047 0.0000743 0.0022898 0.0135001 0.2658930 0.0437200 0.2917078 0.3255309 0.0572840 0.0043428
0.2864322 0.0007029 0.0000744 0.0022940 0.0135137 0.2659616 0.0436536 0.2916621 0.3256093 0.0572312 0.0043422
0.2914573 0.0007011 0.0000745 0.0022982 0.0135273 0.2660302 0.0435872 0.2916167 0.3256875 0.0571785 0.0043417
0.2964824 0.0006992 0.0000745 0.0023024 0.0135409 0.2660988 0.0435208 0.2915716 0.3257653 0.0571257 0.0043412
0.3015075 0.0006974 0.0000746 0.0023066 0.0135546 0.2661674 0.0434543 0.2915268 0.3258428 0.0570730 0.0043406
0.3065327 0.0006956 0.0000747 0.0023109 0.0135682 0.2662360 0.0433879 0.2914822 0.3259199 0.0570202 0.0043401
0.3115578 0.0006938 0.0000747 0.0023151 0.0135818 0.2663046 0.0433215 0.2914380 0.3259968 0.0569675 0.0043395
0.3165829 0.0006919 0.0000748 0.0023194 0.0135954 0.2663732 0.0432551 0.2913940 0.3260733 0.0569148 0.0043389
0.3216080 0.0006901 0.0000748 0.0023237 0.0136090 0.2664418 0.0431887 0.2913504 0.3261494 0.0568621 0.0043384
0.3266332 0.0006883 0.0000749 0.0023280 0.0136226 0.2665104 0.0431223 0.2913070 0.3262253 0.0568094 0.0043378
0.3316583 0.0006865 0.0000750 0.0023323 0.0136363 0.2665791 0.0430560 0.2912640 0.3263008 0.0567567 0.0043372
0.3366834 0.0006846 0.0000750 0.0023366 0.0136499 0.2666477 0.0429896 0.2912212 0.3263760 0.0567040 0.0043366
0.3417085 0.0006828 0.0000751 0.0023409 0.0136635 0.2667163 0.0429232 0.2911787 0.3264508 0.0566514 0.0043360
0.3467337 0.0006810 0.0000752 0.0023453 0.0136772 0.2667850 0.0428569 0.2911365 0.3265254 0.0565987 0.0043354
0.3517588 0.0006792 0.0000752 0.0023496 0.0136908 0.2668536 0.0427905 0.2910946 0.3265996 0.0565460 0.0043348
0.3567839 0.0006773 0.0000753 0.0023540 0.0137044 0.2669223 0.0427242 0.2910530 0.3266734 0.0564934 0.0043342
0.3618090 0.0006755 0.0000754 0.0023584 0.0137181 0.2669909 0.0426578 0.2910117 0.3267469 0.0564408 0.0043336
0.3668342 0.0006737 0.0000754 0.0023628 0.0137317 0.2670596 0.0425915 0.2909707 0.3268201 0.0563881 0.0043329
0.3718593 0.0006719 0.0000755 0.0023672 0.0137453 0.2671282 0.0425252 0.2909300 0.3268930 0.0563355 0.0043323
0.3768844 0.0006700 0.0000756 0.0023717 0.0137590 0.2671969 0.0424589 0.2908896 0.3269655 0.0562829 0.0043317
0.3819095 0.0006682 0.0000756 0.0023761 0.0137726 0.2672656 0.0423926 0.2908494 0.3270377 0.0562303 0.0043310
0.3869347 0.0006664 0.0000757 0.0023806 0.0137863 0.2673343 0.0423263 0.2908096 0.3271095 0.0561778 0.0043304
0.3919598 0.0006646 0.0000758 0.0023851 0.0137999 0.2674030 0.0422600 0.2907701 0.3271810 0.0561252 0.0043297
0.3969849 0.0006628 0.0000758 0.0023895 0.0138136 0.2674717 0.0421937 0.2907308 0.3272522 0.0560726 0.0043291
0.4020101 0.0006609 0.0000759 0.0023941 0.0138272 0.2675404 0.0421275 0.2906919 0.3273231 0.0560201 0.0043284
0.4070352 0.0006591 0.0000759 0.0023986 0.0138409 0.2676091 0.0420612 0.2906532 0.3273936 0.0559676 0.0043277
0.4120603 0.0006573 0.0000760 0.0024031 0.0138545 0.2676778 0.0419950 0.2906148 0.3274637 0.0559150 0.0043271
0.4170854 0.0006555 0.0000761 0.0024077 0.0138682 0.2677465 0.0419288 0.2905768 0.3275335 0.0558625 0.0043264
0.4221106 0.0006537 0.0000761 0.0024122 0.0138818 0.2678152 0.0418626 0.2905390 0.3276030 0.0558100 0.0043257
0.4271357 0.0006518 0.0000762 0.0024168 0.0138955 0.2678840 0.0417964 0.2905015 0.3276722 0.0557576 0.0043250
0.4321608 0.0006500 0.0000763 0.0024214 0.0139091 0.2679527 0.0417302 0.2904643 0.3277410 0.0557051 0.0043243
0.4371859 0.0006482 0.0000763 0.0024260 0.0139228 0.2680214 0.0416640 0.2904274 0.3278094 0.0556526 0.0043236
0.4422111 0.0006464 0.0000764 0.0024306 0.0139364 0.2680902 0.0415978 0.2903908 0.3278775 0.0556002 0.0043229
0.4472362 0.0006446 0.0000765 0.0024353 0.0139501 0.2681589 0.0415317 0.2903545 0.3279453 0.0555478 0.0043222
0.4522613 0.0006427 0.0000765 0.0024399 0.0139637 0.2682277 0.0414656 0.2903185 0.3280127 0.0554954 0.0043214
0.4572864 0.0006409 0.0000766 0.0024446 0.0139774 0.2682965 0.0413995 0.2902827 0.3280798 0.0554430 0.0043207
0.4623116 0.0006391 0.0000766 0.0024493 0.0139910 0.2683652 0.0413334 0.2902473 0.3281466 0.0553906 0.0043200
0.4673367 0.0006373 0.0000767 0.0024540 0.0140047 0.2684340 0.0412673 0.2902122 0.3282130 0.0553382 0.0043192
0.4723618 0.0006355 0.0000768 0.0024587 0.0140184 0.2685028 0.0412012 0.2901773 0.3282790 0.0552859 0.0043185
0.4773869 0.0006336 0.0000768 0.0024634 0.0140320 0.2685716 0.0411351 0.2901428 0.3283448 0.0552335 0.0043177
0.4824121 0.0006318 0.0000769 0.0024682 0.0140457 0.2686404 0.0410691 0.2901085 0.3284101 0.0551812 0.0043170
0.4874372 0.0006300 0.0000770 0.0024729 0.0140593 0.2687092 0.0410031 0.2900745 0.3284751 0.0551289 0.0043162
0.4924623 0.0006282 0.0000770 0.0024777 0.0140730 0.2687780 0.0409371 0.2900409 0.3285398 0.0550766 0.0043154
0.4974874 0.0006264 0.0000771 0.0024825 0.0140866 0.2688468 0.0408711 0.2900075 0.3286042 0.0550243 0.0043147
0.5025126 0.0006246 0.0000771 0.0024873 0.0141003 0.2689156 0.0408051 0.2899744 0.3286681 0.0549721 0.0043139
0.5075377 0.0006228 0.0000772 0.0024921 0.0141139 0.2689844 0.0407392 0.2899416 0.3287318 0.0549198 0.0043131
0.5125628 0.0006209 0.0000773 0.0024969 0.0141276 0.2690532 0.0406732 0.2899091 0.3287951 0.0548676 0.0043123
0.5175879 0.0006191 0.0000773 0.0025018 0.0141412 0.2691221 0.0406073 0.2898769 0.3288580 0.0548154 0.0043115
0.5226131 0.0006173 0.0000774 0.0025067 0.0141549 0.2691909 0.0405414 0.2898450 0.3289206 0.0547632 0.0043107
0.5276382 0.0006155 0.0000775 0.0025115 0.0141685 0.2692597 0.0404755 0.2898134 0.3289828 0.0547110 0.0043099
0.5326633 0.0006137 0.0000775 0.0025164 0.0141822 0.2693286 0.0404096 0.2897821 0.3290447 0.0546589 0.0043091
0.5376884 0.0006119 0.0000776 0.0025213 0.0141958 0.2693975 0.0403438 0.2897510 0.3291063 0.0546067 0.0043082
0.5427136 0.0006101 0.0000776 0.0025263 0.0142094 0.2694663 0.0402780 0.2897203 0.3291675 0.0545546 0.0043074
0.5477387 0.0006082 0.0000777 0.0025312 0.0142231 0.2695352 0.0402122 0.2896898 0.3292283 0.0545025 0.0043066
0.5527638 0.0006064 0.0000778 0.0025362 0.0142367 0.2696041 0.0401464 0.2896597 0.3292888 0.0544504 0.0043058
0.5577889 0.0006046 0.0000778 0.0025412 0.0142504 0.2696729 0.0400806 0.2896298 0.3293489 0.0543984 0.0043049
0.5628141 0.0006028 0.0000779 0.0025461 0.0142640 0.2697418 0.0400149 0.2896002 0.3294087 0.0543463 0.0043041
0.5678392 0.0006010 0.0000779 0.0025511 0.0142776 0.2698107 0.0399492 0.2895710 0.3294681 0.0542943 0.0043032
0.5728643 0.0005992 0.0000780 0.0025562 0.0142913 0.2698796 0.0398835 0.2895420 0.3295272 0.0542423 0.0043023
0.5778894 0.0005974 0.0000781 0.0025612 0.0143049 0.2699485 0.0398178 0.2895133 0.3295859 0.0541903 0.0043015
0.5829146 0.0005956 0.0000781 0.0025663 0.0143185 0.2700174 0.0397521 0.2894849 0.3296443 0.0541383 0.0043006
0.5879397 0.0005938 0.0000782 0.0025713 0.0143322 0.2700864 0.0396865 0.2894567 0.3297023 0.0540864 0.0042997
0.5929648 0.0005920 0.0000782 0.0025764 0.0143458 0.2701553 0.0396209 0.2894289 0.3297600 0.0540345 0.0042989
0.5979899 0.0005902 0.0000783 0.0025815 0.0143594 0.2702242 0.0395553 0.2894014 0.3298173 0.0539826 0.0042980
0.6030151 0.0005883 0.0000784 0.0025866 0.0143730 0.2702931 0.0394897 0.2893742 0.3298743 0.0539307 0.0042971
0.6080402 0.0005865 0.0000784 0.0025918 0.0143866 0.2703621 0.0394242 0.2893472 0.3299309 0.0538788 0.0042962
0.6130653 0.0005847 0.0000785 0.0025969 0.0144002 0.2704310 0.0393587 0.2893206 0.3299871 0.0538270 0.0042953
0.6180905 0.0005829 0.0000785 0.0026021 0.0144139 0.2705000 0.0392932 0.2892942 0.3300430 0.0537751 0.0042944
0.6231156 0.0005811 0.0000786 0.0026073 0.0144275 0.2705690 0.0392277 0.2892681 0.3300985 0.0537233 0.0042934
0.6281407 0.0005793 0.0000787 0.0026125 0.0144411 0.2706379 0.0391623 0.2892423 0.3301537 0.0536716 0.0042925
0.6331658 0.0005775 0.0000787 0.0026177 0.0144547 0.2707069 0.0390968 0.2892168 0.3302085 0.0536198 0.0042916
0.6381910 0.0005757 0.0000788 0.0026229 0.0144683 0.2707759 0.0390314 0.2891916 0.3302630 0.0535681 0.0042907
0.6432161 0.0005739 0.0000788 0.0026282 0.0144819 0.2708449 0.0389661 0.2891667 0.3303171 0.0535164 0.0042897
0.6482412 0.0005721 0.0000789 0.0026334 0.0144955 0.2709139 0.0389007 0.2891421 0.3303708 0.0534647 0.0042888
0.6532663 0.0005703 0.0000790 0.0026387 0.0145091 0.2709829 0.0388354 0.2891177 0.3304242 0.0534130 0.0042878
0.6582915 0.0005685 0.0000790 0.0026440 0.0145226 0.2710519 0.0387701 0.2890937 0.3304773 0.0533614 0.0042869
0.6633166 0.0005667 0.0000791 0.0026493 0.0145362 0.2711209 0.0387049 0.2890699 0.3305299 0.0533097 0.0042859
0.6683417 0.0005649 0.0000791 0.0026547 0.0145498 0.2711899 0.0386396 0.2890465 0.3305822 0.0532581 0.0042850
0.6733668 0.0005631 0.0000792 0.0026600 0.0145634 0.2712589 0.0385744 0.2890233 0.3306342 0.0532066 0.0042840
0.6783920 0.0005613 0.0000793 0.0026654 0.0145769 0.2713280 0.0385092 0.2890004 0.3306858 0.0531550 0.0042830
0.6834171 0.0005595 0.0000793 0.0026708 0.0145905 0.2713970 0.0384441 0.2889778 0.3307370 0.0531035 0.0042820
0.6884422 0.0005577 0.0000794 0.0026762 0.0146041 0.2714661 0.0383790 0.2889555 0.3307879 0.0530520 0.0042811
0.6934673 0.0005559 0.0000794 0.0026816 0.0146176 0.2715351 0.0383139 0.2889335 0.3308384 0.0530005 0.0042801
0.6984925 0.0005541 0.0000795 0.0026870 0.0146312 0.2716042 0.0382488 0.2889117 0.3308886 0.0529490 0.0042791
0.7035176 0.0005523 0.0000795 0.0026925 0.0146447 0.2716733 0.0381837 0.2888903 0.3309383 0.0528976 0.0042781
0.7085427 0.0005505 0.0000796 0.0026979 0.0146583 0.2717423 0.0381187 0.2888691 0.3309878 0.0528462 0.0042771
0.7135678 0.0005488 0.0000797 0.0027034 0.0146718 0.2718114 0.0380538 0.2888483 0.3310368 0.0527948 0.0042760
0.7185930 0.0005470 0.0000797 0.0027089 0.0146854 0.2718805 0.0379888 0.2888277 0.3310855 0.0527435 0.0042750
0.7236181 0.0005452 0.0000798 0.0027144 0.0146989 0.2719496 0.0379239 0.2888074 0.3311339 0.0526921 0.0042740
0.7286432 0.0005434 0.0000798 0.0027200 0.0147124 0.2720187 0.0378590 0.2887874 0.3311819 0.0526408 0.0042730
0.7336683 0.0005416 0.0000799 0.0027255 0.0147259 0.2720878 0.0377941 0.2887676 0.3312295 0.0525896 0.0042719
0.7386935 0.0005398 0.0000799 0.0027311 0.0147395 0.2721569 0.0377293 0.2887482 0.3312767 0.0525383 0.0042709
0.7437186 0.0005380 0.0000800 0.0027367 0.0147530 0.2722261 0.0376645 0.2887291 0.3313236 0.0524871 0.0042699
0.7487437 0.0005362 0.0000801 0.0027423 0.0147665 0.2722952 0.0375998 0.2887102 0.3313702 0.0524359 0.0042688
0.7537688 0.0005344 0.0000801 0.0027479 0.0147800 0.2723643 0.0375350 0.2886916 0.3314163 0.0523847 0.0042678
0.7587940 0.0005326 0.0000802 0.0027536 0.0147935 0.2724335 0.0374703 0.2886733 0.3314621 0.0523336 0.0042667
0.7638191 0.0005309 0.0000802 0.0027592 0.0148070 0.2725026 0.0374057 0.2886553 0.3315076 0.0522824 0.0042656
0.7688442 0.0005291 0.0000803 0.0027649 0.0148205 0.2725718 0.0373410 0.2886376 0.3315526 0.0522313 0.0042646
0.7738693 0.0005273 0.0000803 0.0027706 0.0148339 0.2726410 0.0372764 0.2886202 0.3315973 0.0521803 0.0042635
0.7788945 0.0005255 0.0000804 0.0027763 0.0148474 0.2727101 0.0372118 0.2886030 0.3316417 0.0521292 0.0042624
0.7839196 0.0005237 0.0000804 0.0027820 0.0148609 0.2727793 0.0371473 0.2885861 0.3316857 0.0520782 0.0042613
0.7889447 0.0005219 0.0000805 0.0027878 0.0148744 0.2728485 0.0370828 0.2885695 0.3317293 0.0520272 0.0042602
0.7939698 0.0005202 0.0000806 0.0027935 0.0148878 0.2729177 0.0370183 0.2885532 0.3317725 0.0519763 0.0042591
0.7989950 0.0005184 0.0000806 0.0027993 0.0149013 0.2729869 0.0369539 0.2885372 0.3318154 0.0519254 0.0042580
0.8040201 0.0005166 0.0000807 0.0028051 0.0149147 0.2730561 0.0368895 0.2885215 0.3318579 0.0518745 0.0042569
0.8090452 0.0005148 0.0000807 0.0028110 0.0149281 0.2731253 0.0368251 0.2885060 0.3319001 0.0518236 0.0042558
0.8140704 0.0005130 0.0000808 0.0028168 0.0149416 0.2731945 0.0367608 0.2884909 0.3319418 0.0517728 0.0042547
0.8190955 0.0005113 0.0000808 0.0028226 0.0149550 0.2732638 0.0366965 0.2884760 0.3319833 0.0517219 0.0042536
0.8241206 0.0005095 0.0000809 0.0028285 0.0149684 0.2733330 0.0366323 0.2884614 0.3320243 0.0516712 0.0042524
0.8291457 0.0005077 0.0000809 0.0028344 0.0149818 0.2734023 0.0365681 0.2884471 0.3320650 0.0516204 0.0042513
0.8341709 0.0005059 0.0000810 0.0028403 0.0149952 0.2734715 0.0365039 0.2884330 0.3321053 0.0515697 0.0042502
0.8391960 0.0005042 0.0000811 0.0028463 0.0150086 0.2735408 0.0364397 0.2884193 0.3321453 0.0515190 0.0042490
0.8442211 0.0005024 0.0000811 0.0028522 0.0150220 0.2736101 0.0363756 0.2884058 0.3321848 0.0514683 0.0042479
0.8492462 0.0005006 0.0000812 0.0028582 0.0150354 0.2736793 0.0363115 0.2883926 0.3322241 0.0514177 0.0042467
0.8542714 0.0004988 0.0000812 0.0028642 0.0150488 0.2737486 0.0362475 0.2883797 0.3322629 0.0513671 0.0042456
0.8592965 0.0004971 0.0000813 0.0028702 0.0150622 0.2738179 0.0361835 0.2883671 0.3323014 0.0513165 0.0042444
0.8643216 0.0004953 0.0000813 0.0028762 0.0150755 0.2738872 0.0361195 0.2883547 0.3323395 0.0512660 0.0042432
0.8693467 0.0004935 0.0000814 0.0028822 0.0150889 0.2739565 0.0360556 0.2883426 0.3323773 0.0512155 0.0042421
0.8743719 0.0004917 0.0000814 0.0028883 0.0151022 0.2740258 0.0359917 0.2883308 0.3324146 0.0511650 0.0042409
0.8793970 0.0004900 0.0000815 0.0028944 0.0151156 0.2740952 0.0359279 0.2883193 0.3324516 0.0511145 0.0042397
0.8844221 0.0004882 0.0000815 0.0029005 0.0151289 0.2741645 0.0358641 0.2883081 0.3324883 0.0510641 0.0042385
0.8894472 0.0004864 0.0000816 0.0029066 0.0151423 0.2742338 0.0358003 0.2882971 0.3325246 0.0510137 0.0042373
0.8944724 0.0004847 0.0000816 0.0029127 0.0151556 0.2743032 0.0357366 0.2882865 0.3325605 0.0509634 0.0042361
0.8994975 0.0004829 0.0000817 0.0029189 0.0151689 0.2743725 0.0356729 0.2882761 0.3325960 0.0509131 0.0042349
0.9045226 0.0004812 0.0000818 0.0029250 0.0151822 0.2744419 0.0356093 0.2882659 0.3326312 0.0508628 0.0042337
0.9095477 0.0004794 0.0000818 0.0029312 0.0151955 0.2745112 0.0355457 0.2882561 0.3326660 0.0508125 0.0042325
0.9145729 0.0004776 0.0000819 0.0029374 0.0152088 0.2745806 0.0354821 0.2882465 0.3327004 0.0507623 0.0042313
0.9195980 0.0004759 0.0000819 0.0029437 0.0152221 0.2746500 0.0354186 0.2882372 0.3327345 0.0507121 0.0042301
0.9246231 0.0004741 0.0000820 0.0029499 0.0152353 0.2747194 0.0353551 0.2882282 0.3327682 0.0506619 0.0042288
0.9296482 0.0004723 0.0000820 0.0029562 0.0152486 0.2747888 0.0352916 0.2882195 0.3328015 0.0506118 0.0042276
0.9346734 0.0004706 0.0000821 0.0029625 0.0152618 0.2748582 0.0352282 0.2882110 0.3328344 0.0505617 0.0042264
0.9396985 0.0004688 0.0000821 0.0029688 0.0152751 0.2749276 0.0351649 0.2882028 0.3328670 0.0505116 0.0042251
0.9447236 0.0004671 0.0000822 0.0029751 0.0152883 0.2749970 0.0351016 0.2881949 0.3328992 0.0504616 0.0042239
0.9497487 0.0004653 0.0000822 0.0029815 0.0153016 0.2750665 0.0350383 0.2881873 0.3329311 0.0504116 0.0042226
0.9547739 0.0004636 0.0000823 0.0029878 0.0153148 0.2751359 0.0349751 0.2881799 0.3329626 0.0503617 0.0042214
0.9597990 0.0004618 0.0000823 0.0029942 0.0153280 0.2752054 0.0349119 0.2881728 0.3329937 0.0503117 0.0042201
0.9648241 0.0004601 0.0000824 0.0030006 0.0153412 0.2752748 0.0348487 0.2881660 0.3330244 0.0502618 0.0042189
0.9698492 0.0004583 0.0000824 0.0030071 0.0153544 0.2753443 0.0347856 0.2881595 0.3330548 0.0502120 0.0042176
0.9748744 0.0004566 0.0000825 0.0030135 0.0153676 0.2754138 0.0347226 0.2881532 0.3330848 0.0501622 0.0042163
0.9798995 0.0004548 0.0000825 0.0030200 0.0153807 0.2754832 0.0346596 0.2881472 0.3331144 0.0501124 0.0042150
0.9849246 0.0004531 0.0000826 0.0030264 0.0153939 0.2755527 0.0345966 0.2881415 0.3331437 0.0500626 0.0042137
0.9899497 0.0004513 0.0000826 0.0030330 0.0154071 0.2756222 0.0345337 0.2881360 0.3331726 0.0500129 0.0042125
0.9949749 0.0004496 0.0000827 0.0030395 0.0154202 0.2756917 0.0344708 0.2881309 0.3332011 0.0499632 0.0042112
1.0000000 0.0004478 0.0000827 0.0030460 0.0154333 0.2757612 0.0344079 0.2881259 0.3332292 0.0499135 0.0042099
