0.0000000 0.0000000 0.0006300 0.0011480 0.1394938 0.1703781 0.1394938 0.1703781 0.2081002 0.1703781 -0.0000000
0.0402010 -0.0000155 0.0006382 0.0011643 0.1395283 0.1708556 0.1390154 0.1703689 0.2085287 0.1699006 -0.0000038
0.0804020 -0.0000310 0.0006466 0.0011810 0.1395664 0.1713343 0.1385404 0.1703639 0.2089487 0.1694189 -0.0000078
0.1206030 -0.0000464 0.0006552 0.0011981 0.1396080 0.1718139 0.1380689 0.1703629 0.2093600 0.1689329 -0.0000120
0.1608040 -0.0000619 0.0006640 0.0012157 0.1396531 0.1722945 0.1376011 0.1703660 0.2097627 0.1684429 -0.0000165
0.2010050 -0.0000772 0.0006731 0.0012338 0.1397016 0.1727758 0.1371369 0.1703731 0.2101567 0.1679490 -0.0000211
0.2412060 -0.0000926 0.0006824 0.0012524 0.1397536 0.1732577 0.1366765 0.1703842 0.2105420 0.1674512 -0.0000260
0.2814070 -0.0001079 0.0006919 0.0012715 0.1398089 0.1737401 0.1362200 0.1703994 0.2109183 0.1669498 -0.0000311
0.3216080 -0.0001232 0.0007017 0.0012910 0.1398676 0.1742229 0.1357676 0.1704185 0.2112859 0.1664448 -0.0000365
0.3618090 -0.0001384 0.0007117 0.0013111 0.1399295 0.1747059 0.1353192 0.1704417 0.2116445 0.1659365 -0.0000420
0.4020101 -0.0001536 0.0007220 0.0013317 0.1399947 0.1751890 0.1348749 0.1704687 0.2119942 0.1654248 -0.0000477
0.4422111 -0.0001688 0.0007326 0.0013528 0.1400630 0.1756720 0.1344349 0.1704997 0.2123349 0.1649101 -0.0000537
0.4824121 -0.0001838 0.0007434 0.0013744 0.1401344 0.1761549 0.1339993 0.1705345 0.2126667 0.1643924 -0.0000598
0.5226131 -0.0001989 0.0007544 0.0013966 0.1402089 0.1766375 0.1335680 0.1705731 0.2129895 0.1638719 -0.0000661
0.5628141 -0.0002138 0.0007658 0.0014193 0.1402865 0.1771197 0.1331412 0.1706155 0.2133034 0.1633487 -0.0000726
0.6030151 -0.0002287 0.0007774 0.0014426 0.1403669 0.1776014 0.1327189 0.1706616 0.2136082 0.1628230 -0.0000793
0.6432161 -0.0002436 0.0007893 0.0014665 0.1404502 0.1780823 0.1323011 0.1707113 0.2139042 0.1622950 -0.0000862
0.6834171 -0.0002583 0.0008015 0.0014910 0.1405364 0.1785625 0.1318880 0.1707647 0.2141912 0.1617647 -0.0000932
0.7236181 -0.0002731 0.0008140 0.0015160 0.1406253 0.1790417 0.1314796 0.1708217 0.2144693 0.1612324 -0.0001005
0.7638191 -0.0002877 0.0008268 0.0015417 0.1407168 0.1795199 0.1310760 0.1708821 0.2147385 0.1606982 -0.0001078
0.8040201 -0.0003022 0.0008398 0.0015680 0.1408110 0.1799969 0.1306770 0.1709460 0.2149990 0.1601623 -0.0001154
0.8442211 -0.0003167 0.0008532 0.0015949 0.1409077 0.1804726 0.1302830 0.1710132 0.2152506 0.1596248 -0.0001231
0.8844221 -0.0003311 0.0008669 0.0016225 0.1410069 0.1809469 0.1298937 0.1710837 0.2154935 0.1590859 -0.0001309
0.9246231 -0.0003454 0.0008810 0.0016507 0.1411085 0.1814197 0.1295093 0.1711574 0.2157277 0.1585457 -0.0001389
0.9648241 -0.0003596 0.0008953 0.0016796 0.1412124 0.1818908 0.1291299 0.1712343 0.2159534 0.1580044 -0.0001470
1.0050251 -0.0003738 0.0009100 0.0017092 0.1413185 0.1823602 0.1287553 0.1713141 0.2161705 0.1574622 -0.0001552
1.0452261 -0.0003878 0.0009250 0.0017395 0.1414268 0.1828277 0.1283857 0.1713970 0.2163791 0.1569192 -0.0001636
1.0854271 -0.0004018 0.0009404 0.0017705 0.1415372 0.1832932 0.1280211 0.1714828 0.2165793 0.1563756 -0.0001721
1.1256281 -0.0004156 0.0009561 0.0018022 0.1416496 0.1837567 0.1276614 0.1715713 0.2167713 0.1558315 -0.0001807
1.1658291 -0.0004294 0.0009721 0.0018346 0.1417639 0.1842179 0.1273067 0.1716626 0.2169550 0.1552872 -0.0001894
1.2060302 -0.0004431 0.0009886 0.0018678 0.1418801 0.1846769 0.1269569 0.1717565 0.2171305 0.1547426 -0.0001982
1.2462312 -0.0004566 0.0010054 0.0019018 0.1419981 0.1851334 0.1266122 0.1718530 0.2172981 0.1541981 -0.0002072
1.2864322 -0.0004701 0.0010226 0.0019365 0.1421178 0.1855875 0.1262724 0.1719518 0.2174577 0.1536537 -0.0002162
1.3266332 -0.0004835 0.0010401 0.0019721 0.1422391 0.1860390 0.1259375 0.1720531 0.2176094 0.1531097 -0.0002253
1.3668342 -0.0004967 0.0010581 0.0020085 0.1423619 0.1864878 0.1256077 0.1721565 0.2177535 0.1525661 -0.0002345
1.4070352 -0.0005099 0.0010765 0.0020456 0.1424863 0.1869338 0.1252827 0.1722622 0.2178899 0.1520230 -0.0002437
1.4472362 -0.0005229 0.0010953 0.0020837 0.1426120 0.1873770 0.1249627 0.1723698 0.2180187 0.1514808 -0.0002531
1.4874372 -0.0005358 0.0011145 0.0021226 0.1427390 0.1878173 0.1246476 0.1724795 0.2181402 0.1509394 -0.0002625
1.5276382 -0.0005487 0.0011341 0.0021623 0.1428672 0.1882546 0.1243373 0.1725910 0.2182544 0.1503990 -0.0002719
1.5678392 -0.0005614 0.0011541 0.0022030 0.1429966 0.1886887 0.1240320 0.1727042 0.2183615 0.1498599 -0.0002814
1.6080402 -0.0005740 0.0011746 0.0022446 0.1431271 0.1891197 0.1237314 0.1728192 0.2184615 0.1493220 -0.0002910
1.6482412 -0.0005864 0.0011956 0.0022871 0.1432586 0.1895474 0.1234356 0.1729356 0.2185545 0.1487855 -0.0003006
1.6884422 -0.0005988 0.0012170 0.0023305 0.1433911 0.1899719 0.1231446 0.1730536 0.2186408 0.1482506 -0.0003103
1.7286432 -0.0006111 0.0012389 0.0023749 0.1435244 0.1903929 0.1228583 0.1731728 0.2187204 0.1477175 -0.0003200
1.7688442 -0.0006232 0.0012612 0.0024203 0.1436584 0.1908106 0.1225766 0.1732934 0.2187934 0.1471861 -0.0003297
1.8090452 -0.0006352 0.0012840 0.0024667 0.1437932 0.1912247 0.1222996 0.1734150 0.2188600 0.1466566 -0.0003394
1.8492462 -0.0006471 0.0013074 0.0025142 0.1439287 0.1916353 0.1220272 0.1735378 0.2189203 0.1461292 -0.0003492
1.8894472 -0.0006589 0.0013312 0.0025626 0.1440647 0.1920422 0.1217594 0.1736614 0.2189744 0.1456040 -0.0003590
1.9296482 -0.0006705 0.0013556 0.0026121 0.1442012 0.1924455 0.1214960 0.1737860 0.2190225 0.1450811 -0.0003688
1.9698492 -0.0006821 0.0013805 0.0026628 0.1443381 0.1928451 0.1212371 0.1739112 0.2190646 0.1445605 -0.0003786
2.0100503 -0.0006935 0.0014059 0.0027145 0.1444755 0.1932410 0.1209826 0.1740371 0.2191010 0.1440425 -0.0003884
2.0502513 -0.0007048 0.0014318 0.0027673 0.1446131 0.1936330 0.1207325 0.1741636 0.2191317 0.1435270 -0.0003982
2.0904523 -0.0007159 0.0014584 0.0028213 0.1447509 0.1940212 0.1204866 0.1742905 0.2191569 0.1430142 -0.0004080
2.1306533 -0.0007270 0.0014854 0.0028764 0.1448890 0.1944056 0.1202450 0.1744178 0.2191766 0.1425042 -0.0004178
2.1708543 -0.0007379 0.0015131 0.0029328 0.1450271 0.1947860 0.1200075 0.1745453 0.2191911 0.1419970 -0.0004276
2.2110553 -0.0007487 0.0015414 0.0029903 0.1451653 0.1951625 0.1197742 0.1746730 0.2192004 0.1414929 -0.0004373
2.2512563 -0.0007593 0.0015702 0.0030491 0.1453035 0.1955351 0.1195450 0.1748007 0.2192047 0.1409917 -0.0004471
2.2914573 -0.0007699 0.0015997 0.0031092 0.1454417 0.1959036 0.1193197 0.1749284 0.2192041 0.1404937 -0.0004568
2.3316583 -0.0007803 0.0016298 0.0031705 0.1455797 0.1962681 0.1190984 0.1750560 0.2191986 0.1399989 -0.0004665
2.3718593 -0.0007906 0.0016605 0.0032331 0.1457176 0.1966286 0.1188809 0.1751834 0.2191885 0.1395073 -0.0004761
2.4120603 -0.0008008 0.0016919 0.0032971 0.1458552 0.1969850 0.1186673 0.1753104 0.2191739 0.1390191 -0.0004858
2.4522613 -0.0008108 0.0017239 0.0033624 0.1459926 0.1973374 0.1184574 0.1754371 0.2191548 0.1385343 -0.0004954
2.4924623 -0.0008208 0.0017566 0.0034291 0.1461297 0.1976857 0.1182513 0.1755633 0.2191314 0.1380529 -0.0005049
2.5326633 -0.0008306 0.0017900 0.0034973 0.1462663 0.1980299 0.1180487 0.1756889 0.2191038 0.1375751 -0.0005144
2.5728643 -0.0008403 0.0018241 0.0035668 0.1464026 0.1983700 0.1178497 0.1758139 0.2190721 0.1371008 -0.0005239
2.6130653 -0.0008498 0.0018589 0.0036378 0.1465384 0.1987059 0.1176541 0.1759382 0.2190364 0.1366302 -0.0005333
2.6532663 -0.0008593 0.0018945 0.0037103 0.1466737 0.1990378 0.1174620 0.1760616 0.2189968 0.1361633 -0.0005427
2.6934673 -0.0008686 0.0019307 0.0037844 0.1468085 0.1993655 0.1172733 0.1761841 0.2189535 0.1357000 -0.0005520
2.7336683 -0.0008778 0.0019678 0.0038599 0.1469426 0.1996892 0.1170878 0.1763057 0.2189065 0.1352405 -0.0005612
2.7738693 -0.0008868 0.0020056 0.0039371 0.1470762 0.2000087 0.1169056 0.1764262 0.2188559 0.1347848 -0.0005704
2.8140704 -0.0008958 0.0020442 0.0040158 0.1472090 0.2003241 0.1167265 0.1765455 0.2188019 0.1343330 -0.0005796
2.8542714 -0.0009046 0.0020835 0.0040962 0.1473412 0.2006354 0.1165505 0.1766637 0.2187445 0.1338850 -0.0005887
2.8944724 -0.0009133 0.0021237 0.0041783 0.1474726 0.2009426 0.1163775 0.1767806 0.2186839 0.1334408 -0.0005977
2.9346734 -0.0009219 0.0021648 0.0042621 0.1476033 0.2012457 0.1162074 0.1768961 0.2186200 0.1330006 -0.0006066
2.9748744 -0.0009304 0.0022066 0.0043475 0.1477332 0.2015447 0.1160403 0.1770102 0.2185531 0.1325644 -0.0006155
3.0150754 -0.0009387 0.0022494 0.0044348 0.1478622 0.2018397 0.1158759 0.1771229 0.2184831 0.1321320 -0.0006243
3.0552764 -0.0009469 0.0022930 0.0045238 0.1479904 0.2021306 0.1157143 0.1772340 0.2184103 0.1317037 -0.0006331
3.0954774 -0.0009551 0.0023375 0.0046147 0.1481176 0.2024175 0.1155554 0.1773434 0.2183346 0.1312793 -0.0006417
3.1356784 -0.0009631 0.0023829 0.0047074 0.1482440 0.2027003 0.1153991 0.1774512 0.2182561 0.1308589 -0.0006503
3.1758794 -0.0009709 0.0024292 0.0048020 0.1483695 0.2029792 0.1152454 0.1775572 0.2181750 0.1304425 -0.0006589
3.2160804 -0.0009787 0.0024765 0.0048986 0.1484939 0.2032540 0.1150941 0.1776615 0.2180913 0.1300300 -0.0006673
3.2562814 -0.0009864 0.0025248 0.0049971 0.1486174 0.2035249 0.1149453 0.1777638 0.2180050 0.1296216 -0.0006757
3.2964824 -0.0009939 0.0025740 0.0050976 0.1487399 0.2037919 0.1147988 0.1778643 0.2179163 0.1292172 -0.0006840
3.3366834 -0.0010013 0.0026242 0.0052002 0.1488614 0.2040550 0.1146546 0.1779627 0.2178252 0.1288168 -0.0006922
3.3768844 -0.0010087 0.0026755 0.0053049 0.1489818 0.2043141 0.1145126 0.1780591 0.2177317 0.1284203 -0.0007003
3.4170854 -0.0010159 0.0027278 0.0054116 0.1491012 0.2045694 0.1143728 0.1781535 0.2176360 0.1280278 -0.0007084
3.4572864 -0.0010230 0.0027811 0.0055205 0.1492194 0.2048208 0.1142351 0.1782457 0.2175380 0.1276393 -0.0007164
3.4974874 -0.0010300 0.0028355 0.0056316 0.1493366 0.2050685 0.1140994 0.1783357 0.2174379 0.1272548 -0.0007243
3.5376884 -0.0010368 0.0028910 0.0057450 0.1494527 0.2053123 0.1139657 0.1784234 0.2173358 0.1268741 -0.0007321
3.5778894 -0.0010436 0.0029477 0.0058606 0.1495677 0.2055524 0.1138339 0.1785089 0.2172315 0.1264974 -0.0007398
3.6180905 -0.0010503 0.0030054 0.0059785 0.1496815 0.2057887 0.1137039 0.1785920 0.2171253 0.1261246 -0.0007474
3.6582915 -0.0010568 0.0030643 0.0060988 0.1497942 0.2060213 0.1135758 0.1786728 0.2170171 0.1257557 -0.0007550
3.6984925 -0.0010633 0.0031244 0.0062214 0.1499058 0.2062503 0.1134493 0.1787511 0.2169070 0.1253906 -0.0007625
3.7386935 -0.0010697 0.0031858 0.0063466 0.1500162 0.2064756 0.1133246 0.1788269 0.2167951 0.1250293 -0.0007699
3.7788945 -0.0010759 0.0032483 0.0064742 0.1501254 0.2066974 0.1132014 0.1789002 0.2166813 0.1246719 -0.0007772
3.8190955 -0.0010821 0.0033121 0.0066043 0.1502334 0.2069155 0.1130798 0.1789710 0.2165657 0.1243182 -0.0007844
3.8592965 -0.0010881 0.0033771 0.0067370 0.1503403 0.2071301 0.1129597 0.1790392 0.2164484 0.1239682 -0.0007916
3.8994975 -0.0010941 0.0034434 0.0068724 0.1504460 0.2073412 0.1128410 0.1791047 0.2163294 0.1236219 -0.0007987
3.9396985 -0.0010999 0.0035111 0.0070104 0.1505505 0.2075488 0.1127237 0.1791676 0.2162086 0.1232793 -0.0008056
3.9798995 -0.0011057 0.0035801 0.0071511 0.1506537 0.2077530 0.1126077 0.1792277 0.2160862 0.1229404 -0.0008125
4.0201005 -0.0011114 0.0036505 0.0072946 0.1507558 0.2079537 0.1124930 0.1792851 0.2159622 0.1226050 -0.0008194
4.0603015 -0.0011169 0.0037222 0.0074410 0.1508567 0.2081511 0.1123795 0.1793397 0.2158366 0.1222732 -0.0008261
4.1005025 -0.0011224 0.0037954 0.0075902 0.1509564 0.2083451 0.1122672 0.1793915 0.2157094 0.1219449 -0.0008328
4.1407035 -0.0011278 0.0038700 0.0077423 0.1510549 0.2085358 0.1121560 0.1794404 0.2155806 0.1216201 -0.0008393
4.1809045 -0.0011331 0.0039461 0.0078973 0.1511522 0.2087233 0.1120458 0.1794864 0.2154502 0.1212987 -0.0008458
4.2211055 -0.0011383 0.0040236 0.0080554 0.1512482 0.2089075 0.1119366 0.1795295 0.2153183 0.1209808 -0.0008522
4.2613065 -0.0011434 0.0041027 0.0082166 0.1513431 0.2090885 0.1118284 0.1795697 0.2151849 0.1206661 -0.0008585
4.3015075 -0.0011484 0.0041833 0.0083809 0.1514368 0.2092663 0.1117210 0.1796068 0.2150500 0.1203548 -0.0008648
4.3417085 -0.0011534 0.0042656 0.0085484 0.1515292 0.2094410 0.1116146 0.1796410 0.2149136 0.1200467 -0.0008709
4.3819095 -0.0011582 0.0043494 0.0087191 0.1516205 0.2096125 0.1115089 0.1796721 0.2147757 0.1197418 -0.0008770
4.4221106 -0.0011630 0.0044348 0.0088931 0.1517106 0.2097810 0.1114039 0.1797001 0.2146363 0.1194401 -0.0008830
4.4623116 -0.0011677 0.0045219 0.0090705 0.1517995 0.2099465 0.1112997 0.1797250 0.2144954 0.1191415 -0.0008890
4.5025126 -0.0011723 0.0046107 0.0092513 0.1518872 0.2101090 0.1111961 0.1797468 0.2143530 0.1188459 -0.0008948
4.5427136 -0.0011768 0.0047012 0.0094356 0.1519737 0.2102685 0.1110931 0.1797654 0.2142092 0.1185534 -0.0009006
4.5829146 -0.0011812 0.0047935 0.0096234 0.1520590 0.2104250 0.1109907 0.1797809 0.2140638 0.1182638 -0.0009063
4.6231156 -0.0011856 0.0048876 0.0098147 0.1521431 0.2105787 0.1108887 0.1797931 0.2139170 0.1179771 -0.0009119
4.6633166 -0.0011899 0.0049835 0.0100098 0.1522261 0.2107295 0.1107873 0.1798020 0.2137687 0.1176933 -0.0009174
4.7035176 -0.0011941 0.0050812 0.0102085 0.1523079 0.2108774 0.1106862 0.1798077 0.2136188 0.1174122 -0.0009229
4.7437186 -0.0011982 0.0051808 0.0104111 0.1523885 0.2110226 0.1105855 0.1798101 0.2134675 0.1171340 -0.0009283
4.7839196 -0.0012022 0.0052823 0.0106174 0.1524680 0.2111649 0.1104851 0.1798092 0.2133147 0.1168583 -0.0009336
4.8241206 -0.0012062 0.0053858 0.0108277 0.1525464 0.2113046 0.1103851 0.1798049 0.2131603 0.1165854 -0.0009389
4.8643216 -0.0012101 0.0054912 0.0110420 0.1526235 0.2114415 0.1102852 0.1797972 0.2130044 0.1163150 -0.0009440
4.9045226 -0.0012139 0.0055986 0.0112603 0.1526996 0.2115757 0.1101856 0.1797861 0.2128469 0.1160471 -0.0009492
4.9447236 -0.0012177 0.0057082 0.0114827 0.1527745 0.2117073 0.1100861 0.1797716 0.2126879 0.1157817 -0.0009542
4.9849246 -0.0012214 0.0058197 0.0117093 0.1528483 0.2118363 0.1099867 0.1797537 0.2125273 0.1155187 -0.0009592
5.0251256 -0.0012250 0.0059334 0.0119401 0.1529210 0.2119627 0.1098873 0.1797323 0.2123651 0.1152581 -0.0009641
5.0653266 -0.0012285 0.0060493 0.0121753 0.1529926 0.2120865 0.1097880 0.1797073 0.2122013 0.1149997 -0.0009689
5.1055276 -0.0012320 0.0061674 0.0124148 0.1530630 0.2122078 0.1096887 0.1796789 0.2120358 0.1147436 -0.0009737
5.1457286 -0.0012354 0.0062877 0.0126588 0.1531324 0.2123266 0.1095893 0.1796469 0.2118687 0.1144897 -0.0009784
5.1859296 -0.0012387 0.0064102 0.0129073 0.1532007 0.2124430 0.1094898 0.1796113 0.2116998 0.1142379 -0.0009830
5.2261307 -0.0012420 0.0065351 0.0131605 0.1532679 0.2125569 0.1093901 0.1795721 0.2115293 0.1139881 -0.0009876
5.2663317 -0.0012452 0.0066623 0.0134183 0.1533340 0.2126683 0.1092903 0.1795293 0.2113570 0.1137404 -0.0009921
5.3065327 -0.0012484 0.0067919 0.0136809 0.1533990 0.2127774 0.1091903 0.1794829 0.2111830 0.1134946 -0.0009965
5.3467337 -0.0012514 0.0069239 0.0139483 0.1534630 0.2128841 0.1090900 0.1794327 0.2110072 0.1132507 -0.0010009
5.3869347 -0.0012545 0.0070584 0.0142207 0.1535259 0.2129885 0.1089894 0.1793789 0.2108296 0.1130086 -0.0010052
5.4271357 -0.0012574 0.0071954 0.0144980 0.1535878 0.2130905 0.1088884 0.1793214 0.2106501 0.1127683 -0.0010095
5.4673367 -0.0012603 0.0073350 0.0147804 0.1536486 0.2131903 0.1087871 0.1792601 0.2104687 0.1125298 -0.0010137
5.5075377 -0.0012632 0.0074772 0.0150680 0.1537084 0.2132877 0.1086854 0.1791950 0.2102855 0.1122928 -0.0010178
5.5477387 -0.0012659 0.0076219 0.0153608 0.1537672 0.2133830 0.1085832 0.1791262 0.2101003 0.1120575 -0.0010219
5.5879397 -0.0012687 0.0077694 0.0156589 0.1538249 0.2134760 0.1084805 0.1790535 0.2099131 0.1118237 -0.0010260
5.6281407 -0.0012713 0.0079196 0.0159624 0.1538817 0.2135668 0.1083773 0.1789770 0.2097239 0.1115914 -0.0010299
5.6683417 -0.0012739 0.0080725 0.0162714 0.1539374 0.2136554 0.1082735 0.1788966 0.2095327 0.1113605 -0.0010339
5.7085427 -0.0012765 0.0082283 0.0165859 0.1539921 0.2137419 0.1081691 0.1788124 0.2093394 0.1111310 -0.0010377
5.7487437 -0.0012790 0.0083869 0.0169061 0.1540458 0.2138262 0.1080641 0.1787242 0.2091440 0.1109027 -0.0010415
5.7889447 -0.0012815 0.0085484 0.0172321 0.1540985 0.2139084 0.1079584 0.1786321 0.2089464 0.1106758 -0.0010453
5.8291457 -0.0012838 0.0087129 0.0175638 0.1541502 0.2139885 0.1078520 0.1785360 0.2087467 0.1104500 -0.0010490
5.8693467 -0.0012862 0.0088804 0.0179015 0.1542010 0.2140665 0.1077448 0.1784359 0.2085447 0.1102253 -0.0010527
5.9095477 -0.0012885 0.0090509 0.0182452 0.1542508 0.2141424 0.1076369 0.1783318 0.2083404 0.1100017 -0.0010563
5.9497487 -0.0012907 0.0092245 0.0185949 0.1542996 0.2142163 0.1075281 0.1782236 0.2081339 0.1097791 -0.0010599
5.9899497 -0.0012929 0.0094012 0.0189509 0.1543474 0.2142881 0.1074185 0.1781114 0.2079250 0.1095575 -0.0010634
6.0301508 -0.0012951 0.0095811 0.0193131 0.1543942 0.2143579 0.1073080 0.1779951 0.2077137 0.1093368 -0.0010669
6.0703518 -0.0012971 0.0097643 0.0196817 0.1544401 0.2144257 0.1071966 0.1778747 0.2074999 0.1091169 -0.0010703
6.1105528 -0.0012992 0.0099507 0.0200567 0.1544851 0.2144915 0.1070842 0.1777502 0.2072837 0.1088978 -0.0010737
6.1507538 -0.0013012 0.0101405 0.0204383 0.1545291 0.2145553 0.1069709 0.1776215 0.2070650 0.1086794 -0.0010770
6.1909548 -0.0013031 0.0103337 0.0208265 0.1545721 0.2146172 0.1068565 0.1774886 0.2068438 0.1084617 -0.0010803
6.2311558 -0.0013051 0.0105303 0.0212215 0.1546142 0.2146771 0.1067410 0.1773514 0.2066199 0.1082446 -0.0010836
6.2713568 -0.0013069 0.0107304 0.0216233 0.1546553 0.2147350 0.1066245 0.1772101 0.2063934 0.1080281 -0.0010868
6.3115578 -0.0013087 0.0109341 0.0220320 0.1546955 0.2147910 0.1065068 0.1770644 0.2061641 0.1078121 -0.0010899
6.3517588 -0.0013105 0.0111413 0.0224477 0.1547347 0.2148450 0.1063879 0.1769145 0.2059322 0.1075965 -0.0010931
6.3919598 -0.0013122 0.0113522 0.0228706 0.1547731 0.2148972 0.1062679 0.1767602 0.2056975 0.1073814 -0.0010962
6.4321608 -0.0013139 0.0115668 0.0233007 0.1548104 0.2149474 0.1061467 0.1766016 0.2054599 0.1071665 -0.0010992
6.4723618 -0.0013156 0.0117852 0.0237381 0.1548468 0.2149957 0.1060241 0.1764387 0.2052195 0.1069520 -0.0011022
6.5125628 -0.0013172 0.0120073 0.0241828 0.1548823 0.2150421 0.1059003 0.1762713 0.2049761 0.1067377 -0.0011052
6.5527638 -0.0013187 0.0122333 0.0246351 0.1549169 0.2150866 0.1057752 0.1760995 0.2047298 0.1065235 -0.0011081
6.5929648 -0.0013203 0.0124633 0.0250951 0.1549505 0.2151292 0.1056487 0.1759233 0.2044804 0.1063095 -0.0011110
6.6331658 -0.0013218 0.0126972 0.0255627 0.1549831 0.2151699 0.1055208 0.1757426 0.2042280 0.1060956 -0.0011139
6.6733668 -0.0013232 0.0129352 0.0260381 0.1550148 0.2152088 0.1053915 0.1755574 0.2039725 0.1058817 -0.0011168
6.7135678 -0.0013246 0.0131772 0.0265214 0.1550456 0.2152457 0.1052607 0.1753677 0.2037139 0.1056677 -0.0011196
6.7537688 -0.0013260 0.0134234 0.0270127 0.1550754 0.2152808 0.1051285 0.1751734 0.2034520 0.1054537 -0.0011223
6.7939698 -0.0013273 0.0136738 0.0275122 0.1551043 0.2153139 0.1049947 0.1749746 0.2031869 0.1052395 -0.0011251
6.8341709 -0.0013286 0.0139284 0.0280198 0.1551322 0.2153452 0.1048594 0.1747712 0.2029185 0.1050252 -0.0011278
6.8743719 -0.0013299 0.0141874 0.0285358 0.1551592 0.2153746 0.1047225 0.1745632 0.2026467 0.1048106 -0.0011305
6.9145729 -0.0013311 0.0144507 0.0290601 0.1551852 0.2154021 0.1045840 0.1743505 0.2023716 0.1045957 -0.0011331
6.9547739 -0.0013323 0.0147185 0.0295930 0.1552102 0.2154278 0.1044439 0.1741332 0.2020930 0.1043805 -0.0011357
6.9949749 -0.0013335 0.0149907 0.0301345 0.1552342 0.2154515 0.1043021 0.1739111 0.2018109 0.1041649 -0.0011383
7.0351759 -0.0013346 0.0152675 0.0306846 0.1552573 0.2154733 0.1041586 0.1736844 0.2015253 0.1039489 -0.0011409
7.0753769 -0.0013357 0.0155489 0.0312436 0.1552794 0.2154932 0.1040134 0.1734529 0.2012361 0.1037324 -0.0011434
7.1155779 -0.0013367 0.0158350 0.0318115 0.1553005 0.2155113 0.1038664 0.1732167 0.2009433 0.1035153 -0.0011459
7.1557789 -0.0013378 0.0161258 0.0323884 0.1553206 0.2155274 0.1037177 0.1729757 0.2006468 0.1032977 -0.0011484
7.1959799 -0.0013387 0.0164213 0.0329744 0.1553397 0.2155415 0.1035671 0.1727299 0.2003465 0.1030795 -0.0011509
7.2361809 -0.0013397 0.0167217 0.0335697 0.1553578 0.2155538 0.1034147 0.1724793 0.2000425 0.1028606 -0.0011533
7.2763819 -0.0013406 0.0170270 0.0341742 0.1553749 0.2155641 0.1032604 0.1722238 0.1997347 0.1026409 -0.0011557
7.3165829 -0.0013415 0.0173372 0.0347881 0.1553909 0.2155724 0.1031042 0.1719635 0.1994231 0.1024206 -0.0011581
7.3567839 -0.0013424 0.0176525 0.0354115 0.1554059 0.2155788 0.1029461 0.1716983 0.1991075 0.1021994 -0.0011605
7.3969849 -0.0013433 0.0179728 0.0360446 0.1554198 0.2155833 0.1027860 0.1714282 0.1987880 0.1019774 -0.0011628
7.4371859 -0.0013441 0.0182983 0.0366873 0.1554327 0.2155857 0.1026239 0.1711532 0.1984644 0.1017544 -0.0011652
7.4773869 -0.0013448 0.0186289 0.0373398 0.1554445 0.2155861 0.1024599 0.1708733 0.1981369 0.1015306 -0.0011675
7.5175879 -0.0013456 0.0189648 0.0380022 0.1554552 0.2155846 0.1022938 0.1705884 0.1978052 0.1013058 -0.0011697
7.5577889 -0.0013463 0.0193060 0.0386746 0.1554649 0.2155810 0.1021256 0.1702985 0.1974695 0.1010799 -0.0011720
7.5979899 -0.0013470 0.0196526 0.0393571 0.1554734 0.2155753 0.1019554 0.1700037 0.1971295 0.1008530 -0.0011742
7.6381910 -0.0013477 0.0200046 0.0400497 0.1554808 0.2155676 0.1017830 0.1697039 0.1967854 0.1006250 -0.0011765
7.6783920 -0.0013484 0.0203620 0.0407526 0.1554871 0.2155579 0.1016086 0.1693990 0.1964370 0.1003959 -0.0011787
7.7185930 -0.0013490 0.0207250 0.0414658 0.1554922 0.2155460 0.1014319 0.1690892 0.1960843 0.1001656 -0.0011809
7.7587940 -0.0013496 0.0210936 0.0421895 0.1554961 0.2155321 0.1012531 0.1687743 0.1957272 0.0999341 -0.0011830
7.7989950 -0.0013501 0.0214678 0.0429237 0.1554989 0.2155160 0.1010721 0.1684543 0.1953658 0.0997014 -0.0011852
7.8391960 -0.0013507 0.0218477 0.0436685 0.1555005 0.2154978 0.1008888 0.1681293 0.1950000 0.0994673 -0.0011873
7.8793970 -0.0013512 0.0222334 0.0444240 0.1555009 0.2154774 0.1007033 0.1677992 0.1946297 0.0992320 -0.0011894
7.9195980 -0.0013517 0.0226249 0.0451903 0.1555000 0.2154549 0.1005156 0.1674641 0.1942550 0.0989953 -0.0011915
7.9597990 -0.0013522 0.0230222 0.0459675 0.1554979 0.2154301 0.1003255 0.1671239 0.1938757 0.0987572 -0.0011936
8.0000000 -0.0013526 0.0234255 0.0467556 0.1554946 0.2154031 0.1001331 0.1667786 0.1934919 0.0985176 -0.0011957
