0.0000000 0.0007875 0.0000705 0.0020761 0.0127458 0.2620608 0.0474367 0.2947308 0.3206371 0.0602423 0.0045099
0.0402010 0.0007728 0.0000710 0.0021042 0.0128524 0.2626073 0.0469072 0.2942437 0.3213942 0.0598200 0.0045065
0.0804020 0.0007580 0.0000716 0.0021332 0.0129595 0.2631541 0.0463769 0.2937749 0.3221325 0.0593973 0.0045028
0.1206030 0.0007433 0.0000722 0.0021629 0.0130670 0.2637012 0.0458460 0.2933244 0.3228518 0.0589745 0.0044988
0.1608040 0.0007285 0.0000727 0.0021934 0.0131748 0.2642487 0.0453148 0.2928923 0.3235516 0.0585517 0.0044945
0.2010050 0.0007138 0.0000733 0.0022247 0.0132830 0.2647965 0.0447832 0.2924789 0.3242316 0.0581289 0.0044900
0.2412060 0.0006990 0.0000738 0.0022568 0.0133914 0.2653446 0.0442516 0.2920840 0.3248915 0.0577063 0.0044851
0.2814070 0.0006842 0.0000743 0.0022898 0.0135001 0.2658930 0.0437200 0.2917078 0.3255309 0.0572840 0.0044800
0.3216080 0.0006695 0.0000748 0.0023237 0.0136090 0.2664418 0.0431887 0.2913504 0.3261494 0.0568621 0.0044746
0.3618090 0.0006547 0.0000754 0.0023584 0.0137181 0.2669909 0.0426578 0.2910117 0.3267469 0.0564408 0.0044689
0.4020101 0.0006400 0.0000759 0.0023941 0.0138272 0.2675404 0.0421275 0.2906919 0.3273231 0.0560201 0.0044629
0.4422111 0.0006252 0.0000764 0.0024306 0.0139364 0.2680902 0.0415978 0.2903908 0.3278775 0.0556002 0.0044566
0.4824121 0.0006105 0.0000769 0.0024682 0.0140457 0.2686404 0.0410691 0.2901085 0.3284101 0.0551812 0.0044500
0.5226131 0.0005958 0.0000774 0.0025067 0.0141549 0.2691909 0.0405414 0.2898450 0.3289206 0.0547632 0.0044432
0.5628141 0.0005812 0.0000779 0.0025461 0.0142640 0.2697418 0.0400149 0.2896002 0.3294087 0.0543463 0.0044360
0.6030151 0.0005665 0.0000784 0.0025866 0.0143730 0.2702931 0.0394897 0.2893742 0.3298743 0.0539307 0.0044286
0.6432161 0.0005519 0.0000788 0.0026282 0.0144819 0.2708449 0.0389661 0.2891667 0.3303171 0.0535164 0.0044209
0.6834171 0.0005374 0.0000793 0.0026708 0.0145905 0.2713970 0.0384441 0.2889778 0.3307370 0.0531035 0.0044129
0.7236181 0.0005228 0.0000798 0.0027144 0.0146989 0.2719496 0.0379239 0.2888074 0.3311339 0.0526921 0.0044047
0.7638191 0.0005084 0.0000802 0.0027592 0.0148070 0.2725026 0.0374057 0.2886553 0.3315076 0.0522824 0.0043961
0.8040201 0.0004939 0.0000807 0.0028051 0.0149147 0.2730561 0.0368895 0.2885215 0.3318579 0.0518745 0.0043873
0.8442211 0.0004796 0.0000811 0.0028522 0.0150220 0.2736101 0.0363756 0.2884058 0.3321848 0.0514683 0.0043782
0.8844221 0.0004652 0.0000815 0.0029005 0.0151289 0.2741645 0.0358641 0.2883081 0.3324883 0.0510641 0.0043689
0.9246231 0.0004510 0.0000820 0.0029499 0.0152353 0.2747194 0.0353551 0.2882282 0.3327682 0.0506619 0.0043593
0.9648241 0.0004368 0.0000824 0.0030006 0.0153412 0.2752748 0.0348487 0.2881660 0.3330244 0.0502618 0.0043494
1.0050251 0.0004226 0.0000828 0.0030526 0.0154465 0.2758308 0.0343452 0.2881213 0.3332570 0.0498639 0.0043392
1.0452261 0.0004085 0.0000832 0.0031059 0.0155511 0.2763872 0.0338445 0.2880939 0.3334660 0.0494683 0.0043288
1.0854271 0.0003945 0.0000836 0.0031604 0.0156551 0.2769442 0.0333468 0.2880836 0.3336512 0.0490750 0.0043182
1.1256281 0.0003806 0.0000840 0.0032164 0.0157584 0.2775017 0.0328524 0.2880902 0.3338129 0.0486842 0.0043073
1.1658291 0.0003667 0.0000843 0.0032737 0.0158609 0.2780597 0.0323611 0.2881136 0.3339509 0.0482958 0.0042962
1.2060302 0.0003529 0.0000847 0.0033324 0.0159625 0.2786183 0.0318733 0.2881533 0.3340654 0.0479100 0.0042848
1.2462312 0.0003392 0.0000851 0.0033926 0.0160634 0.2791774 0.0313890 0.2882093 0.3341564 0.0475268 0.0042732
1.2864322 0.0003256 0.0000854 0.0034543 0.0161634 0.2797371 0.0309082 0.2882813 0.3342240 0.0471464 0.0042614
1.3266332 0.0003121 0.0000858 0.0035174 0.0162624 0.2802973 0.0304312 0.2883690 0.3342683 0.0467687 0.0042493
1.3668342 0.0002986 0.0000861 0.0035821 0.0163604 0.2808580 0.0299579 0.2884721 0.3342894 0.0463938 0.0042370
1.4070352 0.0002852 0.0000864 0.0036484 0.0164575 0.2814193 0.0294886 0.2885905 0.3342875 0.0460218 0.0042246
1.4472362 0.0002720 0.0000867 0.0037163 0.0165535 0.2819810 0.0290232 0.2887237 0.3342627 0.0456527 0.0042119
1.4874372 0.0002588 0.0000870 0.0037859 0.0166484 0.2825433 0.0285620 0.2888716 0.3342152 0.0452866 0.0041990
1.5276382 0.0002457 0.0000873 0.0038571 0.0167422 0.2831061 0.0281048 0.2890337 0.3341451 0.0449236 0.0041859
1.5678392 0.0002327 0.0000876 0.0039301 0.0168348 0.2836693 0.0276520 0.2892099 0.3340527 0.0445636 0.0041726
1.6080402 0.0002198 0.0000879 0.0040048 0.0169263 0.2842329 0.0272034 0.2893998 0.3339382 0.0442067 0.0041591
1.6482412 0.0002071 0.0000882 0.0040813 0.0170165 0.2847970 0.0267592 0.2896031 0.3338017 0.0438530 0.0041454
1.6884422 0.0001944 0.0000885 0.0041596 0.0171055 0.2853615 0.0263195 0.2898195 0.3336436 0.0435024 0.0041316
1.7286432 0.0001818 0.0000887 0.0042398 0.0171932 0.2859264 0.0258842 0.2900486 0.3334640 0.0431551 0.0041176
1.7688442 0.0001694 0.0000890 0.0043220 0.0172795 0.2864916 0.0254536 0.2902901 0.3332633 0.0428110 0.0041035
1.8090452 0.0001570 0.0000892 0.0044061 0.0173645 0.2870571 0.0250276 0.2905437 0.3330416 0.0424702 0.0040892
1.8492462 0.0001448 0.0000894 0.0044921 0.0174482 0.2876228 0.0246062 0.2908091 0.3327994 0.0421327 0.0040747
1.8894472 0.0001326 0.0000897 0.0045803 0.0175305 0.2881888 0.0241896 0.2910859 0.3325368 0.0417986 0.0040601
1.9296482 0.0001206 0.0000899 0.0046705 0.0176113 0.2887550 0.0237778 0.2913737 0.3322542 0.0414677 0.0040454
1.9698492 0.0001087 0.0000901 0.0047628 0.0176907 0.2893213 0.0233708 0.2916722 0.3319519 0.0411403 0.0040305
2.0100503 0.0000969 0.0000903 0.0048573 0.0177686 0.2898877 0.0229686 0.2919811 0.3316303 0.0408162 0.0040155
2.0502513 0.0000852 0.0000905 0.0049541 0.0178451 0.2904541 0.0225713 0.2922999 0.3312896 0.0404955 0.0040004
2.0904523 0.0000737 0.0000907 0.0050531 0.0179201 0.2910205 0.0221789 0.2926284 0.3309302 0.0401782 0.0039852
2.1306533 0.0000622 0.0000909 0.0051544 0.0179935 0.2915868 0.0217914 0.2929662 0.3305525 0.0398643 0.0039698
2.1708543 0.0000509 0.0000910 0.0052580 0.0180654 0.2921529 0.0214090 0.2933129 0.3301569 0.0395538 0.0039544
2.2110553 0.0000397 0.0000912 0.0053641 0.0181358 0.2927189 0.0210314 0.2936682 0.3297436 0.0392468 0.0039389
2.2512563 0.0000286 0.0000914 0.0054726 0.0182046 0.2932846 0.0206589 0.2940317 0.3293131 0.0389431 0.0039233
2.2914573 0.0000177 0.0000915 0.0055837 0.0182718 0.2938499 0.0202914 0.2944030 0.3288658 0.0386429 0.0039076
2.3316583 0.0000068 0.0000917 0.0056973 0.0183374 0.2944148 0.0199289 0.2947818 0.3284019 0.0383461 0.0038918
2.3718593 -0.0000039 0.0000918 0.0058135 0.0184015 0.2949792 0.0195714 0.2951678 0.3279220 0.0380528 0.0038760
2.4120603 -0.0000145 0.0000919 0.0059324 0.0184640 0.2955431 0.0192189 0.2955605 0.3274265 0.0377628 0.0038601
2.4522613 -0.0000250 0.0000921 0.0060540 0.0185248 0.2961063 0.0188714 0.2959595 0.3269156 0.0374763 0.0038441
2.4924623 -0.0000353 0.0000922 0.0061784 0.0185841 0.2966687 0.0185289 0.2963647 0.3263899 0.0371931 0.0038281
2.5326633 -0.0000455 0.0000923 0.0063056 0.0186418 0.2972304 0.0181914 0.2967755 0.3258497 0.0369134 0.0038121
2.5728643 -0.0000557 0.0000924 0.0064357 0.0186978 0.2977911 0.0178590 0.2971916 0.3252954 0.0366370 0.0037960
2.6130653 -0.0000656 0.0000925 0.0065687 0.0187523 0.2983508 0.0175315 0.2976127 0.3247275 0.0363640 0.0037799
2.6532663 -0.0000755 0.0000926 0.0067048 0.0188051 0.2989095 0.0172089 0.2980385 0.3241463 0.0360943 0.0037637
2.6934673 -0.0000853 0.0000927 0.0068439 0.0188563 0.2994669 0.0168914 0.2984685 0.3235524 0.0358279 0.0037476
2.7336683 -0.0000949 0.0000928 0.0069861 0.0189059 0.3000231 0.0165787 0.2989024 0.3229460 0.0355649 0.0037314
2.7738693 -0.0001044 0.0000929 0.0071316 0.0189539 0.3005780 0.0162709 0.2993399 0.3223276 0.0353052 0.0037152
2.8140704 -0.0001138 0.0000930 0.0072802 0.0190004 0.3011313 0.0159681 0.2997807 0.3216976 0.0350487 0.0036990
2.8542714 -0.0001230 0.0000930 0.0074322 0.0190452 0.3016831 0.0156700 0.3002244 0.3210564 0.0347956 0.0036827
2.8944724 -0.0001322 0.0000931 0.0075876 0.0190885 0.3022333 0.0153768 0.3006706 0.3204045 0.0345456 0.0036665
2.9346734 -0.0001412 0.0000932 0.0077464 0.0191302 0.3027816 0.0150884 0.3011191 0.3197422 0.0342989 0.0036503
2.9748744 -0.0001501 0.0000932 0.0079087 0.0191703 0.3033281 0.0148048 0.3015695 0.3190699 0.0340553 0.0036342
3.0150754 -0.0001589 0.0000933 0.0080746 0.0192089 0.3038727 0.0145258 0.3020215 0.3183882 0.0338150 0.0036180
3.0552764 -0.0001675 0.0000933 0.0082442 0.0192460 0.3044151 0.0142516 0.3024748 0.3176972 0.0335778 0.0036018
3.0954774 -0.0001761 0.0000934 0.0084174 0.0192815 0.3049554 0.0139820 0.3029290 0.3169976 0.0333437 0.0035857
3.1356784 -0.0001845 0.0000934 0.0085945 0.0193155 0.3054935 0.0137170 0.3033839 0.3162896 0.0331127 0.0035696
3.1758794 -0.0001928 0.0000935 0.0087754 0.0193480 0.3060291 0.0134566 0.3038391 0.3155736 0.0328847 0.0035536
3.2160804 -0.0002010 0.0000935 0.0089602 0.0193791 0.3065622 0.0132007 0.3042944 0.3148501 0.0326598 0.0035376
3.2562814 -0.0002091 0.0000935 0.0091491 0.0194086 0.3070928 0.0129493 0.3047494 0.3141193 0.0324379 0.0035216
3.2964824 -0.0002170 0.0000936 0.0093420 0.0194368 0.3076206 0.0127023 0.3052039 0.3133818 0.0322190 0.0035056
3.3366834 -0.0002249 0.0000936 0.0095391 0.0194634 0.3081457 0.0124597 0.3056576 0.3126378 0.0320031 0.0034898
3.3768844 -0.0002326 0.0000936 0.0097405 0.0194887 0.3086679 0.0122214 0.3061101 0.3118877 0.0317900 0.0034739
3.4170854 -0.0002403 0.0000937 0.0099461 0.0195126 0.3091870 0.0119875 0.3065612 0.3111320 0.0315799 0.0034582
3.4572864 -0.0002478 0.0000937 0.0101562 0.0195351 0.3097031 0.0117578 0.3070107 0.3103708 0.0313727 0.0034424
3.4974874 -0.0002552 0.0000937 0.0103707 0.0195562 0.3102159 0.0115323 0.3074582 0.3096047 0.0311682 0.0034268
3.5376884 -0.0002625 0.0000937 0.0105899 0.0195760 0.3107254 0.0113109 0.3079036 0.3088339 0.0309666 0.0034112
3.5778894 -0.0002697 0.0000937 0.0108136 0.0195945 0.3112315 0.0110936 0.3083465 0.3080587 0.0307677 0.0033957
3.6180905 -0.0002768 0.0000938 0.0110421 0.0196117 0.3117341 0.0108804 0.3087867 0.3072796 0.0305716 0.0033802
3.6582915 -0.0002838 0.0000938 0.0112754 0.0196276 0.3122331 0.0106711 0.3092239 0.3064967 0.0303782 0.0033649
3.6984925 -0.0002907 0.0000938 0.0115137 0.0196423 0.3127284 0.0104658 0.3096580 0.3057105 0.0301875 0.0033496
3.7386935 -0.0002974 0.0000938 0.0117569 0.0196557 0.3132199 0.0102644 0.3100886 0.3049212 0.0299994 0.0033344
3.7788945 -0.0003041 0.0000938 0.0120052 0.0196679 0.3137075 0.0100668 0.3105156 0.3041292 0.0298140 0.0033192
3.8190955 -0.0003107 0.0000938 0.0122588 0.0196789 0.3141911 0.0098730 0.3109387 0.3033347 0.0296311 0.0033042
3.8592965 -0.0003172 0.0000938 0.0125175 0.0196887 0.3146707 0.0096829 0.3113576 0.3025379 0.0294508 0.0032892
3.8994975 -0.0003236 0.0000938 0.0127817 0.0196974 0.3151460 0.0094965 0.3117723 0.3017393 0.0292729 0.0032743
3.9396985 -0.0003298 0.0000938 0.0130514 0.0197049 0.3156171 0.0093137 0.3121824 0.3009390 0.0290976 0.0032595
3.9798995 -0.0003360 0.0000938 0.0133266 0.0197114 0.3160839 0.0091344 0.3125878 0.3001374 0.0289247 0.0032448
4.0201005 -0.0003421 0.0000939 0.0136075 0.0197167 0.3165463 0.0089586 0.3129882 0.2993345 0.0287543 0.0032302
4.0603015 -0.0003481 0.0000939 0.0138941 0.0197210 0.3170041 0.0087863 0.3133835 0.2985308 0.0285862 0.0032157
4.1005025 -0.0003540 0.0000939 0.0141867 0.0197243 0.3174573 0.0086174 0.3137735 0.2977265 0.0284205 0.0032013
4.1407035 -0.0003599 0.0000939 0.0144852 0.0197265 0.3179059 0.0084519 0.3141579 0.2969217 0.0282571 0.0031869
4.1809045 -0.0003656 0.0000939 0.0147898 0.0197278 0.3183497 0.0082896 0.3145367 0.2961166 0.0280959 0.0031727
4.2211055 -0.0003712 0.0000939 0.0151006 0.0197280 0.3187887 0.0081305 0.3149096 0.2953116 0.0279371 0.0031586
4.2613065 -0.0003768 0.0000939 0.0154177 0.0197273 0.3192228 0.0079747 0.3152764 0.2945068 0.0277804 0.0031445
4.3015075 -0.0003823 0.0000939 0.0157412 0.0197257 0.3196519 0.0078219 0.3156370 0.2937023 0.0276260 0.0031306
4.3417085 -0.0003877 0.0000939 0.0160713 0.0197231 0.3200760 0.0076722 0.3159912 0.2928985 0.0274737 0.0031168
4.3819095 -0.0003930 0.0000940 0.0164080 0.0197197 0.3204950 0.0075256 0.3163389 0.2920954 0.0273236 0.0031030
4.4221106 -0.0003982 0.0000940 0.0167514 0.0197153 0.3209088 0.0073819 0.3166799 0.2912932 0.0271755 0.0030894
4.4623116 -0.0004033 0.0000940 0.0171017 0.0197102 0.3213174 0.0072411 0.3170140 0.2904921 0.0270295 0.0030759
4.5025126 -0.0004084 0.0000940 0.0174590 0.0197041 0.3217207 0.0071032 0.3173412 0.2896922 0.0268855 0.0030625
4.5427136 -0.0004134 0.0000940 0.0178234 0.0196973 0.3221187 0.0069681 0.3176612 0.2888937 0.0267435 0.0030491
4.5829146 -0.0004183 0.0000940 0.0181951 0.0196897 0.3225112 0.0068358 0.3179739 0.2880968 0.0266035 0.0030359
4.6231156 -0.0004231 0.0000941 0.0185741 0.0196813 0.3228983 0.0067061 0.3182793 0.2873014 0.0264654 0.0030228
4.6633166 -0.0004279 0.0000941 0.0189606 0.0196721 0.3232798 0.0065792 0.3185770 0.2865079 0.0263293 0.0030098
4.7035176 -0.0004326 0.0000941 0.0193547 0.0196622 0.3236558 0.0064548 0.3188672 0.2857162 0.0261950 0.0029969
4.7437186 -0.0004372 0.0000941 0.0197566 0.0196516 0.3240261 0.0063330 0.3191495 0.2849266 0.0260625 0.0029841
4.7839196 -0.0004417 0.0000942 0.0201663 0.0196403 0.3243908 0.0062137 0.3194239 0.2841390 0.0259318 0.0029714
4.8241206 -0.0004462 0.0000942 0.0205840 0.0196282 0.3247498 0.0060969 0.3196903 0.2833536 0.0258030 0.0029588
4.8643216 -0.0004506 0.0000942 0.0210099 0.0196155 0.3251031 0.0059825 0.3199485 0.2825704 0.0256758 0.0029463
4.9045226 -0.0004549 0.0000943 0.0214440 0.0196022 0.3254505 0.0058705 0.3201985 0.2817896 0.0255504 0.0029339
4.9447236 -0.0004592 0.0000943 0.0218866 0.0195882 0.3257921 0.0057608 0.3204401 0.2810112 0.0254267 0.0029216
4.9849246 -0.0004634 0.0000944 0.0223377 0.0195736 0.3261278 0.0056533 0.3206733 0.2802353 0.0253046 0.0029094
5.0251256 -0.0004676 0.0000944 0.0227975 0.0195583 0.3264577 0.0055481 0.3208979 0.2794620 0.0251842 0.0028973
5.0653266 -0.0004717 0.0000945 0.0232661 0.0195425 0.3267815 0.0054451 0.3211138 0.2786912 0.0250653 0.0028853
5.1055276 -0.0004757 0.0000945 0.0237437 0.0195261 0.3270995 0.0053443 0.3213210 0.2779230 0.0249480 0.0028734
5.1457286 -0.0004797 0.0000946 0.0242304 0.0195091 0.3274114 0.0052455 0.3215193 0.2771575 0.0248323 0.0028616
5.1859296 -0.0004836 0.0000946 0.0247264 0.0194915 0.3277173 0.0051488 0.3217086 0.2763947 0.0247181 0.0028499
5.2261307 -0.0004874 0.0000947 0.0252319 0.0194734 0.3280171 0.0050542 0.3218889 0.2756346 0.0246053 0.0028383
5.2663317 -0.0004912 0.0000948 0.0257469 0.0194548 0.3283108 0.0049615 0.3220601 0.2748772 0.0244940 0.0028268
5.3065327 -0.0004950 0.0000948 0.0262716 0.0194357 0.3285985 0.0048707 0.3222220 0.2741226 0.0243841 0.0028154
5.3467337 -0.0004987 0.0000949 0.0268062 0.0194160 0.3288800 0.0047818 0.3223747 0.2733707 0.0242756 0.0028041
5.3869347 -0.0005023 0.0000950 0.0273509 0.0193959 0.3291553 0.0046948 0.3225180 0.2726216 0.0241685 0.0027929
5.4271357 -0.0005059 0.0000951 0.0279057 0.0193752 0.3294245 0.0046097 0.3226519 0.2718752 0.0240627 0.0027818
5.4673367 -0.0005094 0.0000951 0.0284709 0.0193541 0.3296875 0.0045263 0.3227762 0.2711316 0.0239582 0.0027708
5.5075377 -0.0005129 0.0000952 0.0290467 0.0193325 0.3299443 0.0044446 0.3228909 0.2703907 0.0238550 0.0027598
5.5477387 -0.0005164 0.0000953 0.0296331 0.0193105 0.3301949 0.0043647 0.3229960 0.2696525 0.0237531 0.0027490
5.5879397 -0.0005198 0.0000954 0.0302303 0.0192880 0.3304392 0.0042864 0.3230912 0.2689170 0.0236524 0.0027382
5.6281407 -0.0005231 0.0000955 0.0308386 0.0192651 0.3306773 0.0042098 0.3231767 0.2681841 0.0235529 0.0027276
5.6683417 -0.0005264 0.0000956 0.0314581 0.0192417 0.3309092 0.0041348 0.3232523 0.2674539 0.0234545 0.0027170
5.7085427 -0.0005297 0.0000957 0.0320889 0.0192179 0.3311347 0.0040613 0.3233179 0.2667262 0.0233573 0.0027065
5.7487437 -0.0005329 0.0000958 0.0327312 0.0191937 0.3313540 0.0039894 0.3233736 0.2660011 0.0232612 0.0026961
5.7889447 -0.0005361 0.0000959 0.0333853 0.0191690 0.3315671 0.0039189 0.3234191 0.2652784 0.0231662 0.0026857
5.8291457 -0.0005392 0.0000961 0.0340512 0.0191440 0.3317738 0.0038500 0.3234545 0.2645582 0.0230723 0.0026755
5.8693467 -0.0005423 0.0000962 0.0347291 0.0191186 0.3319742 0.0037825 0.3234796 0.2638404 0.0229794 0.0026653
5.9095477 -0.0005454 0.0000963 0.0354193 0.0190927 0.3321683 0.0037164 0.3234945 0.2631249 0.0228876 0.0026552
5.9497487 -0.0005484 0.0000964 0.0361219 0.0190665 0.3323561 0.0036516 0.3234991 0.2624117 0.0227967 0.0026452
5.9899497 -0.0005514 0.0000966 0.0368370 0.0190399 0.3325376 0.0035882 0.3234932 0.2617006 0.0227068 0.0026353
6.0301508 -0.0005543 0.0000967 0.0375650 0.0190129 0.3327128 0.0035262 0.3234769 0.2609917 0.0226178 0.0026254
6.0703518 -0.0005573 0.0000968 0.0383058 0.0189855 0.3328817 0.0034654 0.3234501 0.2602848 0.0225298 0.0026156
6.1105528 -0.0005602 0.0000970 0.0390598 0.0189578 0.3330442 0.0034059 0.3234128 0.2595800 0.0224426 0.0026059
6.1507538 -0.0005630 0.0000971 0.0398271 0.0189296 0.3332005 0.0033476 0.3233648 0.2588770 0.0223563 0.0025962
6.1909548 -0.0005658 0.0000973 0.0406079 0.0189011 0.3333504 0.0032905 0.3233061 0.2581758 0.0222709 0.0025866
6.2311558 -0.0005686 0.0000974 0.0414024 0.0188723 0.3334940 0.0032346 0.3232367 0.2574764 0.0221862 0.0025771
6.2713568 -0.0005714 0.0000976 0.0422108 0.0188431 0.3336312 0.0031799 0.3231565 0.2567786 0.0221024 0.0025677
6.3115578 -0.0005741 0.0000978 0.0430332 0.0188135 0.3337622 0.0031262 0.3230654 0.2560824 0.0220193 0.0025583
6.3517588 -0.0005768 0.0000979 0.0438698 0.0187836 0.3338868 0.0030737 0.3229635 0.2553876 0.0219370 0.0025490
6.3919598 -0.0005795 0.0000981 0.0447209 0.0187533 0.3340052 0.0030223 0.3228506 0.2546942 0.0218554 0.0025397
6.4321608 -0.0005821 0.0000983 0.0455867 0.0187226 0.3341172 0.0029719 0.3227267 0.2540021 0.0217745 0.0025305
6.4723618 -0.0005848 0.0000985 0.0464672 0.0186916 0.3342229 0.0029225 0.3225917 0.2533112 0.0216943 0.0025214
6.5125628 -0.0005874 0.0000987 0.0473628 0.0186602 0.3343223 0.0028742 0.3224457 0.2526214 0.0216147 0.0025123
6.5527638 -0.0005900 0.0000989 0.0482736 0.0186285 0.3344155 0.0028268 0.3222885 0.2519325 0.0215358 0.0025033
6.5929648 -0.0005925 0.0000991 0.0491997 0.0185965 0.3345023 0.0027804 0.3221200 0.2512445 0.0214575 0.0024943
6.6331658 -0.0005950 0.0000993 0.0501415 0.0185640 0.3345828 0.0027349 0.3219404 0.2505573 0.0213798 0.0024854
6.6733668 -0.0005976 0.0000995 0.0510990 0.0185313 0.3346571 0.0026904 0.3217494 0.2498708 0.0213027 0.0024765
6.7135678 -0.0006000 0.0000997 0.0520725 0.0184981 0.3347251 0.0026468 0.3215470 0.2491848 0.0212261 0.0024677
6.7537688 -0.0006025 0.0000999 0.0530622 0.0184646 0.3347868 0.0026040 0.3213333 0.2484993 0.0211500 0.0024589
6.7939698 -0.0006050 0.0001001 0.0540682 0.0184308 0.3348423 0.0025621 0.3211080 0.2478141 0.0210744 0.0024501
6.8341709 -0.0006074 0.0001003 0.0550908 0.0183966 0.3348915 0.0025210 0.3208713 0.2471291 0.0209994 0.0024415
6.8743719 -0.0006098 0.0001005 0.0561301 0.0183620 0.3349344 0.0024808 0.3206231 0.2464443 0.0209248 0.0024328
6.9145729 -0.0006122 0.0001008 0.0571864 0.0183271 0.3349712 0.0024413 0.3203632 0.2457595 0.0208506 0.0024242
6.9547739 -0.0006146 0.0001010 0.0582597 0.0182918 0.3350017 0.0024027 0.3200917 0.2450746 0.0207769 0.0024156
6.9949749 -0.0006170 0.0001012 0.0593504 0.0182561 0.3350259 0.0023648 0.3198085 0.2443894 0.0207035 0.0024071
7.0351759 -0.0006193 0.0001015 0.0604586 0.0182201 0.3350440 0.0023277 0.3195136 0.2437040 0.0206306 0.0023986
7.0753769 -0.0006217 0.0001017 0.0615845 0.0181837 0.3350558 0.0022913 0.3192069 0.2430181 0.0205580 0.0023902
7.1155779 -0.0006240 0.0001020 0.0627283 0.0181469 0.3350614 0.0022556 0.3188884 0.2423317 0.0204858 0.0023817
7.1557789 -0.0006263 0.0001022 0.0638901 0.0181098 0.3350608 0.0022206 0.3185580 0.2416446 0.0204139 0.0023734
7.1959799 -0.0006287 0.0001025 0.0650701 0.0180723 0.3350541 0.0021863 0.3182157 0.2409567 0.0203423 0.0023650
7.2361809 -0.0006309 0.0001027 0.0662686 0.0180344 0.3350412 0.0021526 0.3178615 0.2402679 0.0202710 0.0023567
7.2763819 -0.0006332 0.0001030 0.0674857 0.0179961 0.3350221 0.0021197 0.3174952 0.2395781 0.0202000 0.0023484
7.3165829 -0.0006355 0.0001032 0.0687216 0.0179575 0.3349969 0.0020873 0.3171170 0.2388872 0.0201293 0.0023401
7.3567839 -0.0006378 0.0001035 0.0699765 0.0179184 0.3349655 0.0020556 0.3167267 0.2381951 0.0200588 0.0023318
7.3969849 -0.0006400 0.0001038 0.0712504 0.0178790 0.3349279 0.0020245 0.3163242 0.2375017 0.0199885 0.0023236
7.4371859 -0.0006423 0.0001041 0.0725437 0.0178391 0.3348843 0.0019940 0.3159097 0.2368068 0.0199184 0.0023154
7.4773869 -0.0006445 0.0001043 0.0738565 0.0177989 0.3348345 0.0019640 0.3154829 0.2361103 0.0198485 0.0023072
7.5175879 -0.0006468 0.0001046 0.0751889 0.0177583 0.3347786 0.0019347 0.3150439 0.2354122 0.0197788 0.0022991
7.5577889 -0.0006490 0.0001049 0.0765411 0.0177173 0.3347167 0.0019059 0.3145927 0.2347123 0.0197092 0.0022909
7.5979899 -0.0006512 0.0001052 0.0779132 0.0176758 0.3346486 0.0018776 0.3141292 0.2340105 0.0196398 0.0022828
7.6381910 -0.0006534 0.0001055 0.0793055 0.0176340 0.3345745 0.0018499 0.3136534 0.2333067 0.0195705 0.0022747
7.6783920 -0.0006557 0.0001058 0.0807181 0.0175917 0.3344943 0.0018227 0.3131653 0.2326008 0.0195013 0.0022666
7.7185930 -0.0006579 0.0001061 0.0821511 0.0175491 0.3344081 0.0017960 0.3126647 0.2318928 0.0194322 0.0022585
7.7587940 -0.0006601 0.0001064 0.0836046 0.0175060 0.3343159 0.0017698 0.3121518 0.2311824 0.0193632 0.0022504
7.7989950 -0.0006623 0.0001067 0.0850788 0.0174624 0.3342176 0.0017440 0.3116265 0.2304696 0.0192943 0.0022424
7.8391960 -0.0006645 0.0001070 0.0865739 0.0174185 0.3341133 0.0017188 0.3110887 0.2297543 0.0192254 0.0022343
7.8793970 -0.0006667 0.0001073 0.0880900 0.0173742 0.3340031 0.0016940 0.3105385 0.2290365 0.0191566 0.0022263
7.9195980 -0.0006689 0.0001076 0.0896271 0.0173294 0.3338868 0.0016697 0.3099758 0.2283159 0.0190877 0.0022182
7.9597990 -0.0006711 0.0001079 0.0911855 0.0172841 0.3337646 0.0016458 0.3094006 0.2275926 0.0190189 0.0022102
8.0000000 -0.0006733 0.0001082 0.0927652 0.0172385 0.3336365 0.0016223 0.3088129 0.2268664 0.0189501 0.0022021
