0.0000000 -0.0008981 0.0000521 0.0019660 0.0314207 0.2784209 0.0314207 0.2784209 0.3154161 0.0628825 0.0047721
0.0402010 -0.0008812 0.0000525 0.0019955 0.0311717 0.2786651 0.0311717 0.2786651 0.3158935 0.0623849 0.0047572
0.0804020 -0.0008643 0.0000528 0.0020260 0.0309233 0.2789110 0.0309233 0.2789110 0.3163642 0.0618885 0.0047420
0.1206030 -0.0008474 0.0000532 0.0020572 0.0306756 0.2791585 0.0306756 0.2791585 0.3168278 0.0613935 0.0047267
0.1608040 -0.0008306 0.0000535 0.0020894 0.0304287 0.2794077 0.0304287 0.2794077 0.3172843 0.0609000 0.0047113
0.2010050 -0.0008138 0.0000539 0.0021224 0.0301826 0.2796586 0.0301826 0.2796586 0.3177333 0.0604081 0.0046956
0.2412060 -0.0007970 0.0000543 0.0021563 0.0299373 0.2799112 0.0299373 0.2799112 0.3181747 0.0599178 0.0046798
0.2814070 -0.0007803 0.0000547 0.0021912 0.0296928 0.2801654 0.0296928 0.2801654 0.3186082 0.0594294 0.0046638
0.3216080 -0.0007636 0.0000551 0.0022269 0.0294493 0.2804214 0.0294493 0.2804214 0.3190337 0.0589428 0.0046477
0.3618090 -0.0007469 0.0000555 0.0022637 0.0292068 0.2806791 0.0292068 0.2806791 0.3194509 0.0584582 0.0046314
0.4020101 -0.0007303 0.0000560 0.0023013 0.0289653 0.2809384 0.0289653 0.2809384 0.3198597 0.0579756 0.0046150
0.4422111 -0.0007138 0.0000564 0.0023400 0.0287249 0.2811995 0.0287249 0.2811995 0.3202598 0.0574951 0.0045984
0.4824121 -0.0006973 0.0000568 0.0023797 0.0284855 0.2814622 0.0284855 0.2814622 0.3206511 0.0570169 0.0045817
0.5226131 -0.0006808 0.0000573 0.0024204 0.0282473 0.2817267 0.0282473 0.2817267 0.3210333 0.0565409 0.0045648
0.5628141 -0.0006645 0.0000577 0.0024621 0.0280103 0.2819929 0.0280103 0.2819929 0.3214064 0.0560673 0.0045479
0.6030151 -0.0006481 0.0000582 0.0025049 0.0277745 0.2822608 0.0277745 0.2822608 0.3217701 0.0555962 0.0045307
0.6432161 -0.0006319 0.0000587 0.0025487 0.0275400 0.2825304 0.0275400 0.2825304 0.3221242 0.0551276 0.0045135
0.6834171 -0.0006157 0.0000592 0.0025936 0.0273067 0.2828017 0.0273067 0.2828017 0.3224686 0.0546616 0.0044962
0.7236181 -0.0005996 0.0000597 0.0026397 0.0270748 0.2830748 0.0270748 0.2830748 0.3228031 0.0541983 0.0044787
0.7638191 -0.0005835 0.0000602 0.0026869 0.0268443 0.2833495 0.0268443 0.2833495 0.3231275 0.0537378 0.0044612
0.8040201 -0.0005676 0.0000607 0.0027352 0.0266152 0.2836259 0.0266152 0.2836259 0.3234418 0.0532800 0.0044435
0.8442211 -0.0005517 0.0000613 0.0027847 0.0263875 0.2839041 0.0263875 0.2839041 0.3237457 0.0528252 0.0044257
0.8844221 -0.0005359 0.0000618 0.0028355 0.0261613 0.2841839 0.0261613 0.2841839 0.3240392 0.0523733 0.0044079
0.9246231 -0.0005202 0.0000623 0.0028874 0.0259366 0.2844654 0.0259366 0.2844654 0.3243220 0.0519244 0.0043899
0.9648241 -0.0005045 0.0000629 0.0029406 0.0257134 0.2847485 0.0257134 0.2847485 0.3245941 0.0514785 0.0043719
1.0050251 -0.0004890 0.0000635 0.0029951 0.0254918 0.2850334 0.0254918 0.2850334 0.3248554 0.0510358 0.0043538
1.0452261 -0.0004736 0.0000640 0.0030508 0.0252717 0.2853199 0.0252717 0.2853199 0.3251056 0.0505963 0.0043357
1.0854271 -0.0004582 0.0000646 0.0031079 0.0250533 0.2856080 0.0250533 0.2856080 0.3253448 0.0501601 0.0043175
1.1256281 -0.0004429 0.0000652 0.0031663 0.0248365 0.2858978 0.0248365 0.2858978 0.3255728 0.0497271 0.0042992
1.1658291 -0.0004278 0.0000658 0.0032261 0.0246214 0.2861891 0.0246214 0.2861891 0.3257895 0.0492975 0.0042808
1.2060302 -0.0004127 0.0000665 0.0032873 0.0244080 0.2864821 0.0244080 0.2864821 0.3259948 0.0488712 0.0042624
1.2462312 -0.0003977 0.0000671 0.0033500 0.0241963 0.2867767 0.0241963 0.2867767 0.3261887 0.0484484 0.0042440
1.2864322 -0.0003829 0.0000677 0.0034141 0.0239863 0.2870728 0.0239863 0.2870728 0.3263710 0.0480291 0.0042256
1.3266332 -0.0003681 0.0000684 0.0034796 0.0237781 0.2873704 0.0237781 0.2873704 0.3265418 0.0476132 0.0042071
1.3668342 -0.0003535 0.0000690 0.0035467 0.0235716 0.2876696 0.0235716 0.2876696 0.3267009 0.0472010 0.0041885
1.4070352 -0.0003390 0.0000697 0.0036153 0.0233669 0.2879703 0.0233669 0.2879703 0.3268483 0.0467923 0.0041700
1.4472362 -0.0003245 0.0000704 0.0036855 0.0231641 0.2882724 0.0231641 0.2882724 0.3269840 0.0463872 0.0041514
1.4874372 -0.0003102 0.0000711 0.0037573 0.0229630 0.2885760 0.0229630 0.2885760 0.3271078 0.0459858 0.0041328
1.5276382 -0.0002960 0.0000718 0.0038308 0.0227638 0.2888809 0.0227638 0.2888809 0.3272199 0.0455880 0.0041142
1.5678392 -0.0002820 0.0000725 0.0039059 0.0225665 0.2891873 0.0225665 0.2891873 0.3273201 0.0451940 0.0040957
1.6080402 -0.0002680 0.0000732 0.0039827 0.0223710 0.2894950 0.0223710 0.2894950 0.3274085 0.0448037 0.0040771
1.6482412 -0.0002542 0.0000739 0.0040613 0.0221773 0.2898040 0.0221773 0.2898040 0.3274850 0.0444172 0.0040585
1.6884422 -0.0002404 0.0000747 0.0041416 0.0219856 0.2901142 0.0219856 0.2901142 0.3275497 0.0440344 0.0040399
1.7286432 -0.0002268 0.0000754 0.0042238 0.0217958 0.2904257 0.0217958 0.2904257 0.3276024 0.0436555 0.0040214
1.7688442 -0.0002134 0.0000762 0.0043077 0.0216078 0.2907384 0.0216078 0.2907384 0.3276434 0.0432803 0.0040028
1.8090452 -0.0002000 0.0000770 0.0043936 0.0214218 0.2910522 0.0214218 0.2910522 0.3276726 0.0429090 0.0039843
1.8492462 -0.0001868 0.0000778 0.0044814 0.0212376 0.2913671 0.0212376 0.2913671 0.3276899 0.0425415 0.0039659
1.8894472 -0.0001737 0.0000786 0.0045712 0.0210554 0.2916830 0.0210554 0.2916830 0.3276955 0.0421779 0.0039474
1.9296482 -0.0001607 0.0000794 0.0046629 0.0208752 0.2919999 0.0208752 0.2919999 0.3276894 0.0418181 0.0039290
1.9698492 -0.0001478 0.0000802 0.0047567 0.0206968 0.2923178 0.0206968 0.2923178 0.3276716 0.0414622 0.0039107
2.0100503 -0.0001351 0.0000811 0.0048526 0.0205204 0.2926366 0.0205204 0.2926366 0.3276423 0.0411101 0.0038924
2.0502513 -0.0001225 0.0000819 0.0049506 0.0203459 0.2929562 0.0203459 0.2929562 0.3276014 0.0407620 0.0038741
2.0904523 -0.0001101 0.0000828 0.0050507 0.0201733 0.2932766 0.0201733 0.2932766 0.3275490 0.0404177 0.0038559
2.1306533 -0.0000977 0.0000837 0.0051531 0.0200027 0.2935977 0.0200027 0.2935977 0.3274852 0.0400772 0.0038378
2.1708543 -0.0000855 0.0000846 0.0052577 0.0198340 0.2939194 0.0198340 0.2939194 0.3274102 0.0397407 0.0038197
2.2110553 -0.0000734 0.0000855 0.0053646 0.0196672 0.2942418 0.0196672 0.2942418 0.3273239 0.0394080 0.0038017
2.2512563 -0.0000615 0.0000864 0.0054739 0.0195023 0.2945646 0.0195023 0.2945646 0.3272265 0.0390792 0.0037838
2.2914573 -0.0000497 0.0000874 0.0055855 0.0193394 0.2948880 0.0193394 0.2948880 0.3271181 0.0387543 0.0037659
2.3316583 -0.0000380 0.0000883 0.0056996 0.0191784 0.2952117 0.0191784 0.2952117 0.3269987 0.0384332 0.0037481
2.3718593 -0.0000265 0.0000893 0.0058162 0.0190193 0.2955357 0.0190193 0.2955357 0.3268686 0.0381159 0.0037304
2.4120603 -0.0000150 0.0000903 0.0059354 0.0188621 0.2958599 0.0188621 0.2958599 0.3267278 0.0378025 0.0037128
2.4522613 -0.0000038 0.0000913 0.0060571 0.0187068 0.2961843 0.0187068 0.2961843 0.3265764 0.0374929 0.0036952
2.4924623 0.0000074 0.0000923 0.0061814 0.0185534 0.2965088 0.0185534 0.2965088 0.3264147 0.0371871 0.0036778
2.5326633 0.0000184 0.0000934 0.0063085 0.0184019 0.2968333 0.0184019 0.2968333 0.3262426 0.0368851 0.0036604
2.5728643 0.0000293 0.0000944 0.0064383 0.0182523 0.2971578 0.0182523 0.2971578 0.3260604 0.0365868 0.0036432
2.6130653 0.0000401 0.0000955 0.0065709 0.0181045 0.2974821 0.0181045 0.2974821 0.3258681 0.0362923 0.0036260
2.6532663 0.0000507 0.0000966 0.0067063 0.0179586 0.2978061 0.0179586 0.2978061 0.3256660 0.0360016 0.0036090
2.6934673 0.0000612 0.0000977 0.0068447 0.0178146 0.2981298 0.0178146 0.2981298 0.3254543 0.0357146 0.0035920
2.7336683 0.0000716 0.0000988 0.0069861 0.0176724 0.2984531 0.0176724 0.2984531 0.3252329 0.0354312 0.0035752
2.7738693 0.0000818 0.0000999 0.0071305 0.0175320 0.2987759 0.0175320 0.2987759 0.3250022 0.0351516 0.0035584
2.8140704 0.0000919 0.0001011 0.0072779 0.0173935 0.2990981 0.0173935 0.2990981 0.3247622 0.0348756 0.0035418
2.8542714 0.0001019 0.0001022 0.0074286 0.0172567 0.2994197 0.0172567 0.2994197 0.3245132 0.0346032 0.0035253
2.8944724 0.0001118 0.0001034 0.0075824 0.0171218 0.2997405 0.0171218 0.2997405 0.3242552 0.0343345 0.0035089
2.9346734 0.0001215 0.0001047 0.0077395 0.0169886 0.3000604 0.0169886 0.3000604 0.3239886 0.0340693 0.0034926
2.9748744 0.0001311 0.0001059 0.0079000 0.0168572 0.3003793 0.0168572 0.3003793 0.3237134 0.0338077 0.0034764
3.0150754 0.0001406 0.0001071 0.0080639 0.0167275 0.3006972 0.0167275 0.3006972 0.3234298 0.0335496 0.0034604
3.0552764 0.0001499 0.0001084 0.0082313 0.0165996 0.3010140 0.0165996 0.3010140 0.3231380 0.0332950 0.0034444
3.0954774 0.0001592 0.0001097 0.0084022 0.0164735 0.3013295 0.0164735 0.3013295 0.3228382 0.0330439 0.0034286
3.1356784 0.0001683 0.0001110 0.0085767 0.0163490 0.3016437 0.0163490 0.3016437 0.3225306 0.0327963 0.0034129
3.1758794 0.0001772 0.0001124 0.0087549 0.0162262 0.3019565 0.0162262 0.3019565 0.3222153 0.0325520 0.0033974
3.2160804 0.0001861 0.0001137 0.0089369 0.0161051 0.3022677 0.0161051 0.3022677 0.3218926 0.0323112 0.0033820
3.2562814 0.0001948 0.0001151 0.0091227 0.0159857 0.3025773 0.0159857 0.3025773 0.3215626 0.0320737 0.0033667
3.2964824 0.0002034 0.0001165 0.0093124 0.0158680 0.3028851 0.0158680 0.3028851 0.3212254 0.0318395 0.0033515
3.3366834 0.0002119 0.0001179 0.0095060 0.0157518 0.3031912 0.0157518 0.3031912 0.3208814 0.0316086 0.0033364
3.3768844 0.0002203 0.0001194 0.0097038 0.0156373 0.3034953 0.0156373 0.3034953 0.3205307 0.0313810 0.0033215
3.4170854 0.0002286 0.0001209 0.0099056 0.0155244 0.3037973 0.0155244 0.3037973 0.3201734 0.0311566 0.0033067
3.4572864 0.0002367 0.0001224 0.0101117 0.0154131 0.3040973 0.0154131 0.3040973 0.3198097 0.0309354 0.0032921
3.4974874 0.0002447 0.0001239 0.0103221 0.0153033 0.3043950 0.0153033 0.3043950 0.3194399 0.0307174 0.0032776
3.5376884 0.0002526 0.0001255 0.0105368 0.0151951 0.3046904 0.0151951 0.3046904 0.3190641 0.0305025 0.0032632
3.5778894 0.0002604 0.0001270 0.0107561 0.0150885 0.3049834 0.0150885 0.3049834 0.3186825 0.0302907 0.0032489
3.6180905 0.0002681 0.0001286 0.0109798 0.0149833 0.3052738 0.0149833 0.3052738 0.3182953 0.0300820 0.0032348
3.6582915 0.0002757 0.0001303 0.0112082 0.0148797 0.3055616 0.0148797 0.3055616 0.3179026 0.0298763 0.0032208
3.6984925 0.0002832 0.0001319 0.0114413 0.0147775 0.3058467 0.0147775 0.3058467 0.3175047 0.0296736 0.0032070
3.7386935 0.0002905 0.0001336 0.0116793 0.0146768 0.3061290 0.0146768 0.3061290 0.3171017 0.0294739 0.0031932
3.7788945 0.0002978 0.0001353 0.0119221 0.0145776 0.3064083 0.0145776 0.3064083 0.3166938 0.0292770 0.0031797
3.8190955 0.0003049 0.0001371 0.0121699 0.0144798 0.3066846 0.0144798 0.3066846 0.3162812 0.0290831 0.0031662
3.8592965 0.0003119 0.0001388 0.0124228 0.0143834 0.3069578 0.0143834 0.3069578 0.3158640 0.0288920 0.0031529
3.8994975 0.0003189 0.0001407 0.0126809 0.0142884 0.3072278 0.0142884 0.3072278 0.3154424 0.0287038 0.0031397
3.9396985 0.0003257 0.0001425 0.0129443 0.0141947 0.3074944 0.0141947 0.3074944 0.3150166 0.0285183 0.0031267
3.9798995 0.0003324 0.0001444 0.0132130 0.0141025 0.3077577 0.0141025 0.3077577 0.3145867 0.0283356 0.0031137
4.0201005 0.0003391 0.0001463 0.0134872 0.0140115 0.3080174 0.0140115 0.3080174 0.3141530 0.0281556 0.0031010
4.0603015 0.0003456 0.0001482 0.0137670 0.0139219 0.3082736 0.0139219 0.3082736 0.3137155 0.0279783 0.0030883
4.1005025 0.0003520 0.0001501 0.0140525 0.0138336 0.3085260 0.0138336 0.3085260 0.3132744 0.0278036 0.0030758
4.1407035 0.0003584 0.0001521 0.0143438 0.0137466 0.3087747 0.0137466 0.3087747 0.3128299 0.0276315 0.0030634
4.1809045 0.0003646 0.0001542 0.0146410 0.0136609 0.3090194 0.0136609 0.3090194 0.3123821 0.0274621 0.0030512
4.2211055 0.0003708 0.0001562 0.0149442 0.0135764 0.3092602 0.0135764 0.3092602 0.3119312 0.0272951 0.0030390
4.2613065 0.0003768 0.0001583 0.0152535 0.0134931 0.3094970 0.0134931 0.3094970 0.3114773 0.0271306 0.0030270
4.3015075 0.0003828 0.0001605 0.0155690 0.0134111 0.3097296 0.0134111 0.3097296 0.3110206 0.0269687 0.0030152
4.3417085 0.0003887 0.0001626 0.0158909 0.0133303 0.3099579 0.0133303 0.3099579 0.3105611 0.0268091 0.0030035
4.3819095 0.0003945 0.0001648 0.0162192 0.0132506 0.3101819 0.0132506 0.3101819 0.3100990 0.0266519 0.0029918
4.4221106 0.0004002 0.0001671 0.0165541 0.0131721 0.3104015 0.0131721 0.3104015 0.3096345 0.0264972 0.0029804
4.4623116 0.0004058 0.0001694 0.0168957 0.0130947 0.3106166 0.0130947 0.3106166 0.3091676 0.0263447 0.0029690
4.5025126 0.0004113 0.0001717 0.0172441 0.0130185 0.3108271 0.0130185 0.3108271 0.3086985 0.0261945 0.0029578
4.5427136 0.0004168 0.0001741 0.0175995 0.0129434 0.3110329 0.0129434 0.3110329 0.3082273 0.0260466 0.0029467
4.5829146 0.0004221 0.0001765 0.0179619 0.0128694 0.3112339 0.0128694 0.3112339 0.3077542 0.0259009 0.0029357
4.6231156 0.0004274 0.0001789 0.0183315 0.0127964 0.3114302 0.0127964 0.3114302 0.3072791 0.0257574 0.0029249
4.6633166 0.0004326 0.0001814 0.0187084 0.0127245 0.3116215 0.0127245 0.3116215 0.3068023 0.0256160 0.0029141
4.7035176 0.0004378 0.0001839 0.0190927 0.0126537 0.3118078 0.0126537 0.3118078 0.3063237 0.0254768 0.0029035
4.7437186 0.0004428 0.0001865 0.0194847 0.0125838 0.3119890 0.0125838 0.3119890 0.3058436 0.0253397 0.0028930
4.7839196 0.0004478 0.0001891 0.0198843 0.0125150 0.3121650 0.0125150 0.3121650 0.3053620 0.0252046 0.0028826
4.8241206 0.0004527 0.0001917 0.0202918 0.0124471 0.3123358 0.0124471 0.3123358 0.3048790 0.0250715 0.0028724
4.8643216 0.0004576 0.0001944 0.0207073 0.0123803 0.3125013 0.0123803 0.3125013 0.3043946 0.0249404 0.0028622
4.9045226 0.0004623 0.0001972 0.0211310 0.0123143 0.3126614 0.0123143 0.3126614 0.3039090 0.0248113 0.0028522
4.9447236 0.0004670 0.0002000 0.0215629 0.0122494 0.3128161 0.0122494 0.3128161 0.3034222 0.0246841 0.0028423
4.9849246 0.0004717 0.0002028 0.0220032 0.0121853 0.3129652 0.0121853 0.3129652 0.3029343 0.0245588 0.0028325
5.0251256 0.0004762 0.0002057 0.0224521 0.0121221 0.3131087 0.0121221 0.3131087 0.3024453 0.0244353 0.0028228
5.0653266 0.0004807 0.0002086 0.0229096 0.0120599 0.3132465 0.0120599 0.3132465 0.3019554 0.0243137 0.0028132
5.1055276 0.0004852 0.0002116 0.0233761 0.0119985 0.3133785 0.0119985 0.3133785 0.3014645 0.0241938 0.0028037
5.1457286 0.0004895 0.0002147 0.0238516 0.0119379 0.3135047 0.0119379 0.3135047 0.3009727 0.0240757 0.0027943
5.1859296 0.0004938 0.0002177 0.0243362 0.0118782 0.3136251 0.0118782 0.3136251 0.3004801 0.0239594 0.0027851
5.2261307 0.0004981 0.0002209 0.0248301 0.0118193 0.3137394 0.0118193 0.3137394 0.2999867 0.0238447 0.0027759
5.2663317 0.0005023 0.0002241 0.0253336 0.0117613 0.3138478 0.0117613 0.3138478 0.2994926 0.0237317 0.0027668
5.3065327 0.0005064 0.0002273 0.0258467 0.0117040 0.3139500 0.0117040 0.3139500 0.2989977 0.0236203 0.0027579
5.3467337 0.0005105 0.0002306 0.0263695 0.0116475 0.3140461 0.0116475 0.3140461 0.2985021 0.0235106 0.0027490
5.3869347 0.0005145 0.0002339 0.0269024 0.0115917 0.3141360 0.0115917 0.3141360 0.2980059 0.0234024 0.0027402
5.4271357 0.0005185 0.0002373 0.0274454 0.0115367 0.3142195 0.0115367 0.3142195 0.2975091 0.0232958 0.0027316
5.4673367 0.0005224 0.0002408 0.0279987 0.0114824 0.3142967 0.0114824 0.3142967 0.2970116 0.0231906 0.0027230
5.5075377 0.0005262 0.0002443 0.0285625 0.0114289 0.3143675 0.0114289 0.3143675 0.2965135 0.0230870 0.0027145
5.5477387 0.0005301 0.0002479 0.0291370 0.0113760 0.3144318 0.0113760 0.3144318 0.2960148 0.0229848 0.0027061
5.5879397 0.0005338 0.0002515 0.0297222 0.0113238 0.3144895 0.0113238 0.3144895 0.2955155 0.0228840 0.0026978
5.6281407 0.0005375 0.0002552 0.0303185 0.0112723 0.3145407 0.0112723 0.3145407 0.2950157 0.0227847 0.0026896
5.6683417 0.0005412 0.0002589 0.0309260 0.0112215 0.3145852 0.0112215 0.3145852 0.2945152 0.0226867 0.0026815
5.7085427 0.0005448 0.0002627 0.0315448 0.0111713 0.3146229 0.0111713 0.3146229 0.2940142 0.0225900 0.0026734
5.7487437 0.0005484 0.0002666 0.0321752 0.0111217 0.3146539 0.0111217 0.3146539 0.2935125 0.0224947 0.0026655
5.7889447 0.0005519 0.0002705 0.0328174 0.0110727 0.3146780 0.0110727 0.3146780 0.2930103 0.0224006 0.0026576
5.8291457 0.0005554 0.0002745 0.0334714 0.0110243 0.3146952 0.0110243 0.3146952 0.2925074 0.0223078 0.0026498
5.8693467 0.0005589 0.0002785 0.0341376 0.0109765 0.3147054 0.0109765 0.3147054 0.2920039 0.0222162 0.0026421
5.9095477 0.0005623 0.0002826 0.0348161 0.0109293 0.3147086 0.0109293 0.3147086 0.2914997 0.0221258 0.0026344
5.9497487 0.0005656 0.0002868 0.0355071 0.0108826 0.3147047 0.0108826 0.3147047 0.2909948 0.0220366 0.0026268
5.9899497 0.0005690 0.0002911 0.0362107 0.0108365 0.3146937 0.0108365 0.3146937 0.2904892 0.0219486 0.0026193
6.0301508 0.0005723 0.0002954 0.0369273 0.0107909 0.3146755 0.0107909 0.3146755 0.2899829 0.0218617 0.0026119
6.0703518 0.0005755 0.0002997 0.0376570 0.0107458 0.3146501 0.0107458 0.3146501 0.2894757 0.0217758 0.0026046
6.1105528 0.0005787 0.0003042 0.0384000 0.0107012 0.3146173 0.0107012 0.3146173 0.2889678 0.0216911 0.0025973
6.1507538 0.0005819 0.0003087 0.0391565 0.0106571 0.3145772 0.0106571 0.3145772 0.2884590 0.0216074 0.0025901
6.1909548 0.0005851 0.0003133 0.0399267 0.0106134 0.3145296 0.0106134 0.3145296 0.2879493 0.0215247 0.0025829
6.2311558 0.0005882 0.0003179 0.0407108 0.0105703 0.3144745 0.0105703 0.3144745 0.2874387 0.0214430 0.0025758
6.2713568 0.0005913 0.0003226 0.0415091 0.0105276 0.3144120 0.0105276 0.3144120 0.2869270 0.0213623 0.0025688
6.3115578 0.0005944 0.0003274 0.0423216 0.0104853 0.3143418 0.0104853 0.3143418 0.2864143 0.0212825 0.0025618
6.3517588 0.0005974 0.0003322 0.0431488 0.0104435 0.3142640 0.0104435 0.3142640 0.2859005 0.0212036 0.0025549
6.3919598 0.0006004 0.0003372 0.0439907 0.0104020 0.3141784 0.0104020 0.3141784 0.2853856 0.0211256 0.0025481
6.4321608 0.0006034 0.0003422 0.0448475 0.0103610 0.3140852 0.0103610 0.3140852 0.2848695 0.0210486 0.0025413
6.4723618 0.0006063 0.0003472 0.0457196 0.0103203 0.3139841 0.0103203 0.3139841 0.2843521 0.0209723 0.0025345
6.5125628 0.0006093 0.0003524 0.0466071 0.0102801 0.3138751 0.0102801 0.3138751 0.2838333 0.0208969 0.0025278
6.5527638 0.0006122 0.0003576 0.0475102 0.0102402 0.3137582 0.0102402 0.3137582 0.2833132 0.0208223 0.0025212
6.5929648 0.0006151 0.0003629 0.0484292 0.0102006 0.3136333 0.0102006 0.3136333 0.2827916 0.0207485 0.0025146
6.6331658 0.0006179 0.0003682 0.0493643 0.0101614 0.3135004 0.0101614 0.3135004 0.2822685 0.0206754 0.0025080
6.6733668 0.0006208 0.0003737 0.0503157 0.0101225 0.3133594 0.0101225 0.3133594 0.2817437 0.0206031 0.0025015
6.7135678 0.0006236 0.0003792 0.0512836 0.0100840 0.3132103 0.0100840 0.3132103 0.2812173 0.0205315 0.0024951
6.7537688 0.0006264 0.0003848 0.0522683 0.0100457 0.3130529 0.0100457 0.3130529 0.2806892 0.0204605 0.0024887
6.7939698 0.0006292 0.0003905 0.0532699 0.0100077 0.3128873 0.0100077 0.3128873 0.2801593 0.0203903 0.0024823
6.8341709 0.0006319 0.0003962 0.0542888 0.0099701 0.3127134 0.0099701 0.3127134 0.2796274 0.0203207 0.0024760
6.8743719 0.0006347 0.0004020 0.0553251 0.0099327 0.3125311 0.0099327 0.3125311 0.2790936 0.0202517 0.0024697
6.9145729 0.0006374 0.0004079 0.0563791 0.0098955 0.3123404 0.0098955 0.3123404 0.2785577 0.0201833 0.0024634
6.9547739 0.0006401 0.0004139 0.0574510 0.0098587 0.3121412 0.0098587 0.3121412 0.2780198 0.0201156 0.0024572
6.9949749 0.0006428 0.0004200 0.0585410 0.0098220 0.3119335 0.0098220 0.3119335 0.2774796 0.0200483 0.0024510
7.0351759 0.0006455 0.0004261 0.0596494 0.0097856 0.3117173 0.0097856 0.3117173 0.2769371 0.0199817 0.0024448
7.0753769 0.0006482 0.0004323 0.0607764 0.0097495 0.3114923 0.0097495 0.3114923 0.2763922 0.0199155 0.0024387
7.1155779 0.0006509 0.0004386 0.0619222 0.0097135 0.3112587 0.0097135 0.3112587 0.2758449 0.0198499 0.0024326
7.1557789 0.0006535 0.0004450 0.0630870 0.0096777 0.3110164 0.0096777 0.3110164 0.2752950 0.0197847 0.0024265
7.1959799 0.0006562 0.0004514 0.0642712 0.0096422 0.3107652 0.0096422 0.3107652 0.2747425 0.0197201 0.0024204
7.2361809 0.0006588 0.0004580 0.0654749 0.0096068 0.3105052 0.0096068 0.3105052 0.2741873 0.0196558 0.0024144
7.2763819 0.0006615 0.0004646 0.0666984 0.0095716 0.3102363 0.0095716 0.3102363 0.2736293 0.0195920 0.0024084
7.3165829 0.0006641 0.0004713 0.0679418 0.0095366 0.3099584 0.0095366 0.3099584 0.2730684 0.0195287 0.0024024
7.3567839 0.0006667 0.0004780 0.0692054 0.0095017 0.3096715 0.0095017 0.3096715 0.2725045 0.0194657 0.0023964
7.3969849 0.0006693 0.0004849 0.0704895 0.0094669 0.3093755 0.0094669 0.3093755 0.2719376 0.0194030 0.0023905
7.4371859 0.0006719 0.0004918 0.0717943 0.0094324 0.3090705 0.0094324 0.3090705 0.2713675 0.0193408 0.0023845
7.4773869 0.0006745 0.0004988 0.0731200 0.0093979 0.3087562 0.0093979 0.3087562 0.2707942 0.0192789 0.0023786
7.5175879 0.0006771 0.0005059 0.0744668 0.0093636 0.3084327 0.0093636 0.3084327 0.2702175 0.0192173 0.0023727
7.5577889 0.0006797 0.0005131 0.0758349 0.0093293 0.3081000 0.0093293 0.3081000 0.2696374 0.0191560 0.0023668
7.5979899 0.0006823 0.0005203 0.0772246 0.0092952 0.3077579 0.0092952 0.3077579 0.2690538 0.0190950 0.0023609
7.6381910 0.0006848 0.0005276 0.0786361 0.0092612 0.3074065 0.0092612 0.3074065 0.2684666 0.0190343 0.0023550
7.6783920 0.0006874 0.0005350 0.0800696 0.0092272 0.3070456 0.0092272 0.3070456 0.2678758 0.0189738 0.0023491
7.7185930 0.0006900 0.0005425 0.0815254 0.0091934 0.3066753 0.0091934 0.3066753 0.2672812 0.0189136 0.0023433
7.7587940 0.0006926 0.0005500 0.0830036 0.0091596 0.3062955 0.0091596 0.3062955 0.2666827 0.0188536 0.0023374
7.7989950 0.0006952 0.0005577 0.0845045 0.0091259 0.3059060 0.0091259 0.3059060 0.2660802 0.0187938 0.0023315
7.8391960 0.0006978 0.0005654 0.0860282 0.0090922 0.3055070 0.0090922 0.3055070 0.2654738 0.0187342 0.0023257
7.8793970 0.0007004 0.0005731 0.0875750 0.0090586 0.3050983 0.0090586 0.3050983 0.2648632 0.0186747 0.0023198
7.9195980 0.0007029 0.0005810 0.0891450 0.0090251 0.3046799 0.0090251 0.3046799 0.2642485 0.0186155 0.0023140
7.9597990 0.0007055 0.0005889 0.0907386 0.0089915 0.3042518 0.0089915 0.3042518 0.2636294 0.0185564 0.0023081
8.0000000 0.0007081 0.0005969 0.0923558 0.0089580 0.3038139 0.0089580 0.3038139 0.2630060 0.0184974 0.0023022
