0.0000000 -0.0000000 0.0000408 0.0041208 0.0057248 0.0575918 0.0277283 0.6917252 0.1796003 0.0334680 0.0031740
0.0402010 -0.0000000 0.0000417 0.0041723 0.0058925 0.0594533 0.0277985 0.6863468 0.1825878 0.0337071 0.0031953
0.0804020 -0.0000000 0.0000426 0.0042238 0.0060635 0.0613674 0.0278618 0.6809047 0.1855935 0.0339426 0.0032164
0.1206030 -0.0000000 0.0000436 0.0042753 0.0062378 0.0633351 0.0279180 0.6753997 0.1886161 0.0341744 0.0032371
0.1608040 -0.0000000 0.0000445 0.0043267 0.0064153 0.0653576 0.0279671 0.6698321 0.1916543 0.0344023 0.0032576
0.2010050 -0.0000000 0.0000454 0.0043780 0.0065961 0.0674360 0.0280089 0.6642027 0.1947067 0.0346261 0.0032778
0.2412060 -0.0000000 0.0000464 0.0044292 0.0067801 0.0695712 0.0280434 0.6585123 0.1977717 0.0348458 0.0032977
0.2814070 -0.0000000 0.0000474 0.0044803 0.0069672 0.0717644 0.0280704 0.6527615 0.2008477 0.0350612 0.0033172
0.3216080 -0.0000000 0.0000483 0.0045311 0.0071575 0.0740166 0.0280898 0.6469512 0.2039333 0.0352721 0.0033364
0.3618090 -0.0000000 0.0000493 0.0045818 0.0073508 0.0763288 0.0281016 0.6410823 0.2070267 0.0354786 0.0033553
0.4020101 -0.0000000 0.0000503 0.0046322 0.0075471 0.0787022 0.0281057 0.6351559 0.2101263 0.0356803 0.0033739
0.4422111 -0.0000000 0.0000513 0.0046824 0.0077464 0.0811377 0.0281020 0.6291728 0.2132302 0.0358772 0.0033921
0.4824121 -0.0000000 0.0000523 0.0047322 0.0079486 0.0836364 0.0280905 0.6231342 0.2163367 0.0360691 0.0034099
0.5226131 -0.0000000 0.0000533 0.0047817 0.0081535 0.0861992 0.0280711 0.6170413 0.2194438 0.0362560 0.0034274
0.5628141 -0.0000000 0.0000543 0.0048308 0.0083612 0.0888271 0.0280438 0.6108954 0.2225497 0.0364377 0.0034445
0.6030151 -0.0000000 0.0000553 0.0048795 0.0085716 0.0915212 0.0280085 0.6046976 0.2256524 0.0366140 0.0034612
0.6432161 -0.0000000 0.0000563 0.0049278 0.0087845 0.0942822 0.0279652 0.5984494 0.2287498 0.0367849 0.0034775
0.6834171 -0.0000000 0.0000573 0.0049756 0.0089998 0.0971112 0.0279138 0.5921521 0.2318400 0.0369502 0.0034934
0.7236181 -0.0000000 0.0000583 0.0050229 0.0092175 0.1000090 0.0278544 0.5858074 0.2349207 0.0371098 0.0035088
0.7638191 -0.0000000 0.0000593 0.0050696 0.0094374 0.1029765 0.0277870 0.5794167 0.2379899 0.0372636 0.0035239
0.8040201 -0.0000000 0.0000604 0.0051158 0.0096594 0.1060144 0.0277115 0.5729818 0.2410453 0.0374114 0.0035385
0.8442211 -0.0000000 0.0000614 0.0051613 0.0098834 0.1091237 0.0276280 0.5665042 0.2440848 0.0375533 0.0035527
0.8844221 -0.0000000 0.0000624 0.0052062 0.0101093 0.1123050 0.0275365 0.5599857 0.2471060 0.0376889 0.0035664
0.9246231 -0.0000000 0.0000634 0.0052503 0.0103369 0.1155590 0.0274370 0.5534282 0.2501068 0.0378183 0.0035797
0.9648241 -0.0000000 0.0000644 0.0052938 0.0105661 0.1188865 0.0273296 0.5468335 0.2530848 0.0379414 0.0035925
1.0050251 -0.0000000 0.0000654 0.0053365 0.0107968 0.1222880 0.0272142 0.5402037 0.2560376 0.0380579 0.0036049
1.0452261 -0.0000000 0.0000664 0.0053783 0.0110287 0.1257642 0.0270910 0.5335406 0.2589629 0.0381679 0.0036168
1.0854271 -0.0000000 0.0000674 0.0054194 0.0112617 0.1293155 0.0269601 0.5268464 0.2618583 0.0382713 0.0036281
1.1256281 -0.0000000 0.0000684 0.0054595 0.0114957 0.1329424 0.0268214 0.5201232 0.2647215 0.0383679 0.0036390
1.1658291 -0.0000000 0.0000693 0.0054988 0.0117305 0.1366455 0.0266751 0.5133731 0.2675501 0.0384576 0.0036494
1.2060302 -0.0000000 0.0000703 0.0055371 0.0119659 0.1404250 0.0265213 0.5065984 0.2703416 0.0385404 0.0036593
1.2462312 -0.0000000 0.0000713 0.0055744 0.0122017 0.1442813 0.0263601 0.4998013 0.2730937 0.0386162 0.0036687
1.2864322 -0.0000000 0.0000722 0.0056107 0.0124378 0.1482146 0.0261915 0.4929843 0.2758040 0.0386849 0.0036776
1.3266332 -0.0000000 0.0000732 0.0056459 0.0126739 0.1522251 0.0260157 0.4861496 0.2784701 0.0387465 0.0036859
1.3668342 -0.0000000 0.0000741 0.0056801 0.0129099 0.1563130 0.0258329 0.4792996 0.2810895 0.0388008 0.0036937
1.4070352 -0.0000000 0.0000750 0.0057131 0.0131456 0.1604783 0.0256431 0.4724369 0.2836601 0.0388479 0.0037010
1.4472362 -0.0000000 0.0000759 0.0057450 0.0133808 0.1647211 0.0254465 0.4655639 0.2861793 0.0388876 0.0037077
1.4874372 -0.0000000 0.0000768 0.0057757 0.0136152 0.1690412 0.0252433 0.4586831 0.2886450 0.0389199 0.0037139
1.5276382 -0.0000000 0.0000777 0.0058051 0.0138487 0.1734384 0.0250336 0.4517971 0.2910547 0.0389447 0.0037196
1.5678392 -0.0000000 0.0000785 0.0058334 0.0140810 0.1779127 0.0248175 0.4449084 0.2934064 0.0389621 0.0037247
1.6080402 -0.0000000 0.0000794 0.0058603 0.0143120 0.1824637 0.0245953 0.4380197 0.2956977 0.0389719 0.0037292
1.6482412 -0.0000000 0.0000802 0.0058860 0.0145414 0.1870910 0.0243671 0.4311335 0.2979265 0.0389742 0.0037332
1.6884422 -0.0000000 0.0000810 0.0059103 0.0147690 0.1917943 0.0241332 0.4242526 0.3000907 0.0389689 0.0037366
1.7286432 -0.0000000 0.0000818 0.0059333 0.0149947 0.1965729 0.0238936 0.4173795 0.3021882 0.0389560 0.0037395
1.7688442 -0.0000000 0.0000826 0.0059549 0.0152181 0.2014263 0.0236487 0.4105169 0.3042171 0.0389354 0.0037418
1.8090452 -0.0000000 0.0000833 0.0059750 0.0154392 0.2063538 0.0233985 0.4036676 0.3061753 0.0389073 0.0037435
1.8492462 -0.0000000 0.0000841 0.0059938 0.0156576 0.2113547 0.0231434 0.3968340 0.3080610 0.0388714 0.0037446
1.8894472 -0.0000000 0.0000848 0.0060111 0.0158732 0.2164281 0.0228835 0.3900190 0.3098724 0.0388280 0.0037451
1.9296482 -0.0000000 0.0000855 0.0060269 0.0160857 0.2215732 0.0226191 0.3832251 0.3116077 0.0387769 0.0037451
1.9698492 -0.0000000 0.0000861 0.0060413 0.0162950 0.2267889 0.0223503 0.3764550 0.3132653 0.0387182 0.0037445
2.0100503 -0.0000000 0.0000868 0.0060542 0.0165008 0.2320742 0.0220774 0.3697112 0.3148435 0.0386519 0.0037433
2.0502513 -0.0000000 0.0000874 0.0060655 0.0167029 0.2374279 0.0218007 0.3629965 0.3163410 0.0385781 0.0037416
2.0904523 -0.0000000 0.0000880 0.0060753 0.0169012 0.2428489 0.0215203 0.3563134 0.3177563 0.0384967 0.0037392
2.1306533 -0.0000000 0.0000885 0.0060836 0.0170954 0.2483357 0.0212365 0.3496644 0.3190880 0.0384078 0.0037363
2.1708543 -0.0000000 0.0000891 0.0060903 0.0172854 0.2538872 0.0209496 0.3430520 0.3203349 0.0383115 0.0037328
2.2110553 -0.0000000 0.0000896 0.0060955 0.0174710 0.2595017 0.0206597 0.3364788 0.3214960 0.0382078 0.0037287
2.2512563 -0.0000000 0.0000901 0.0060991 0.0176519 0.2651779 0.0203671 0.3299471 0.3225701 0.0380967 0.0037240
2.2914573 -0.0000000 0.0000905 0.0061011 0.0178281 0.2709140 0.0200721 0.3234594 0.3235564 0.0379784 0.0037187
2.3316583 -0.0000000 0.0000910 0.0061015 0.0179993 0.2767086 0.0197748 0.3170180 0.3244539 0.0378529 0.0037129
2.3718593 -0.0000000 0.0000914 0.0061004 0.0181654 0.2825597 0.0194756 0.3106252 0.3252621 0.0377202 0.0037065
2.4120603 -0.0000000 0.0000917 0.0060977 0.0183262 0.2884658 0.0191747 0.3042832 0.3259802 0.0375805 0.0036995
2.4522613 -0.0000000 0.0000921 0.0060934 0.0184815 0.2944249 0.0188723 0.2979942 0.3266077 0.0374338 0.0036919
2.4924623 0.0000000 0.0000924 0.0060876 0.0186313 0.3004350 0.0185686 0.2917604 0.3271443 0.0372803 0.0036838
2.5326633 0.0000000 0.0000927 0.0060802 0.0187754 0.3064944 0.0182639 0.2855838 0.3275896 0.0371200 0.0036751
2.5728643 0.0000000 0.0000929 0.0060712 0.0189137 0.3126009 0.0179584 0.2794663 0.3279434 0.0369530 0.0036659
2.6130653 0.0000000 0.0000932 0.0060607 0.0190460 0.3187525 0.0176524 0.2734100 0.3282057 0.0367795 0.0036561
2.6532663 0.0000000 0.0000934 0.0060487 0.0191722 0.3249471 0.0173460 0.2674166 0.3283764 0.0365996 0.0036458
2.6934673 0.0000000 0.0000935 0.0060351 0.0192923 0.3311825 0.0170395 0.2614880 0.3284558 0.0364133 0.0036349
2.7336683 0.0000000 0.0000937 0.0060200 0.0194061 0.3374565 0.0167331 0.2556258 0.3284439 0.0362209 0.0036234
2.7738693 0.0000000 0.0000938 0.0060034 0.0195135 0.3437670 0.0164271 0.2498316 0.3283412 0.0360224 0.0036115
2.8140704 0.0000000 0.0000939 0.0059854 0.0196145 0.3501116 0.0161216 0.2441070 0.3281481 0.0358179 0.0035990
2.8542714 0.0000000 0.0000939 0.0059659 0.0197090 0.3564881 0.0158168 0.2384535 0.3278651 0.0356077 0.0035860
2.8944724 0.0000000 0.0000940 0.0059449 0.0197970 0.3628941 0.0155130 0.2328724 0.3274929 0.0353918 0.0035724
2.9346734 0.0000000 0.0000940 0.0059225 0.0198783 0.3693273 0.0152104 0.2273650 0.3270322 0.0351704 0.0035584
2.9748744 0.0000000 0.0000939 0.0058987 0.0199530 0.3757853 0.0149091 0.2219325 0.3264839 0.0349437 0.0035438
3.0150754 0.0000000 0.0000939 0.0058736 0.0200210 0.3822658 0.0146093 0.2165760 0.3258488 0.0347117 0.0035288
3.0552764 0.0000000 0.0000938 0.0058470 0.0200823 0.3887664 0.0143112 0.2112966 0.3251280 0.0344747 0.0035133
3.0954774 0.0000000 0.0000936 0.0058192 0.0201368 0.3952846 0.0140150 0.2060952 0.3243226 0.0342329 0.0034973
3.1356784 0.0000000 0.0000935 0.0057901 0.0201847 0.4018182 0.0137208 0.2009727 0.3234338 0.0339863 0.0034808
3.1758794 0.0000000 0.0000933 0.0057597 0.0202258 0.4083646 0.0134288 0.1959298 0.3224628 0.0337351 0.0034639
3.2160804 0.0000000 0.0000931 0.0057280 0.0202602 0.4149215 0.0131392 0.1909673 0.3214111 0.0334796 0.0034466
3.2562814 0.0000000 0.0000929 0.0056952 0.0202879 0.4214865 0.0128521 0.1860857 0.3202799 0.0332198 0.0034287
3.2964824 0.0000000 0.0000926 0.0056612 0.0203089 0.4280572 0.0125677 0.1812857 0.3190708 0.0329560 0.0034105
3.3366834 0.0000000 0.0000924 0.0056260 0.0203233 0.4346312 0.0122860 0.1765675 0.3177854 0.0326883 0.0033918
3.3768844 0.0000000 0.0000920 0.0055897 0.0203311 0.4412063 0.0120072 0.1719316 0.3164252 0.0324169 0.0033728
3.4170854 0.0000000 0.0000917 0.0055524 0.0203324 0.4477800 0.0117315 0.1673782 0.3149920 0.0321419 0.0033533
3.4572864 0.0000000 0.0000914 0.0055140 0.0203271 0.4543501 0.0114589 0.1629076 0.3134874 0.0318636 0.0033334
3.4974874 0.0000000 0.0000910 0.0054745 0.0203155 0.4609142 0.0111895 0.1585198 0.3119134 0.0315821 0.0033132
3.5376884 0.0000000 0.0000906 0.0054342 0.0202975 0.4674702 0.0109236 0.1542149 0.3102716 0.0312975 0.0032926
3.5778894 0.0000000 0.0000901 0.0053928 0.0202733 0.4740157 0.0106610 0.1499929 0.3085639 0.0310101 0.0032716
3.6180905 0.0000000 0.0000897 0.0053506 0.0202429 0.4805487 0.0104020 0.1458537 0.3067923 0.0307201 0.0032503
3.6582915 0.0000000 0.0000892 0.0053075 0.0202064 0.4870670 0.0101466 0.1417970 0.3049588 0.0304275 0.0032286
3.6984925 0.0000000 0.0000887 0.0052636 0.0201640 0.4935684 0.0098948 0.1378227 0.3030652 0.0301326 0.0032067
3.7386935 0.0000000 0.0000882 0.0052189 0.0201156 0.5000509 0.0096468 0.1339304 0.3011136 0.0298356 0.0031844
3.7788945 0.0000000 0.0000877 0.0051734 0.0200615 0.5065124 0.0094027 0.1301197 0.2991060 0.0295366 0.0031618
3.8190955 0.0000000 0.0000871 0.0051272 0.0200018 0.5129510 0.0091624 0.1263903 0.2970445 0.0292357 0.0031389
3.8592965 0.0000000 0.0000865 0.0050803 0.0199365 0.5193647 0.0089260 0.1227416 0.2949311 0.0289332 0.0031158
3.8994975 0.0000000 0.0000860 0.0050328 0.0198658 0.5257517 0.0086935 0.1191731 0.2927679 0.0286292 0.0030924
3.9396985 0.0000000 0.0000854 0.0049847 0.0197897 0.5321102 0.0084650 0.1156842 0.2905569 0.0283239 0.0030687
3.9798995 0.0000000 0.0000847 0.0049360 0.0197086 0.5384382 0.0082406 0.1122742 0.2883003 0.0280174 0.0030448
4.0201005 0.0000000 0.0000841 0.0048867 0.0196224 0.5447341 0.0080202 0.1089424 0.2860002 0.0277100 0.0030206
4.0603015 0.0000000 0.0000834 0.0048370 0.0195313 0.5509963 0.0078038 0.1056880 0.2836585 0.0274016 0.0029963
4.1005025 0.0000000 0.0000828 0.0047867 0.0194355 0.5572231 0.0075915 0.1025103 0.2812775 0.0270926 0.0029717
4.1407035 0.0000000 0.0000821 0.0047361 0.0193350 0.5634129 0.0073833 0.0994085 0.2788591 0.0267830 0.0029469
4.1809045 0.0000000 0.0000814 0.0046851 0.0192301 0.5695642 0.0071792 0.0963816 0.2764054 0.0264730 0.0029220
4.2211055 0.0000000 0.0000807 0.0046337 0.0191209 0.5756756 0.0069792 0.0934287 0.2739185 0.0261628 0.0028968
4.2613065 0.0000000 0.0000799 0.0045819 0.0190075 0.5817456 0.0067833 0.0905490 0.2714003 0.0258525 0.0028716
4.3015075 0.0000000 0.0000792 0.0045299 0.0188900 0.5877730 0.0065914 0.0877413 0.2688530 0.0255422 0.0028461
4.3417085 0.0000000 0.0000785 0.0044776 0.0187687 0.5937564 0.0064036 0.0850048 0.2662784 0.0252320 0.0028206
4.3819095 0.0000000 0.0000777 0.0044251 0.0186437 0.5996946 0.0062198 0.0823384 0.2636785 0.0249222 0.0027949
4.4221106 0.0000000 0.0000769 0.0043724 0.0185150 0.6055865 0.0060400 0.0797410 0.2610554 0.0246127 0.0027690
4.4623116 0.0000000 0.0000762 0.0043195 0.0183830 0.6114310 0.0058642 0.0772115 0.2584107 0.0243039 0.0027431
4.5025126 0.0000000 0.0000754 0.0042665 0.0182476 0.6172269 0.0056924 0.0747490 0.2557466 0.0239956 0.0027171
4.5427136 0.0000000 0.0000746 0.0042134 0.0181091 0.6229733 0.0055245 0.0723521 0.2530647 0.0236882 0.0026910
4.5829146 0.0000000 0.0000738 0.0041602 0.0179677 0.6286693 0.0053606 0.0700199 0.2503669 0.0233817 0.0026649
4.6231156 0.0000000 0.0000730 0.0041069 0.0178233 0.6343139 0.0052005 0.0677512 0.2476550 0.0230762 0.0026386
4.6633166 0.0000000 0.0000722 0.0040537 0.0176763 0.6399064 0.0050442 0.0655449 0.2449306 0.0227718 0.0026124
4.7035176 0.0000000 0.0000714 0.0040004 0.0175268 0.6454459 0.0048916 0.0633997 0.2421956 0.0224686 0.0025860
4.7437186 0.0000000 0.0000706 0.0039472 0.0173748 0.6509318 0.0047429 0.0613145 0.2394516 0.0221667 0.0025597
4.7839196 0.0000000 0.0000697 0.0038940 0.0172205 0.6563634 0.0045978 0.0592881 0.2367001 0.0218663 0.0025333
4.8241206 0.0000000 0.0000689 0.0038409 0.0170642 0.6617400 0.0044563 0.0573195 0.2339429 0.0215674 0.0025069
4.8643216 0.0000000 0.0000681 0.0037879 0.0169058 0.6670610 0.0043184 0.0554073 0.2311813 0.0212701 0.0024805
4.9045226 0.0000000 0.0000673 0.0037350 0.0167456 0.6723261 0.0041841 0.0535504 0.2284170 0.0209744 0.0024541
4.9447236 0.0000000 0.0000664 0.0036823 0.0165837 0.6775347 0.0040533 0.0517477 0.2256513 0.0206806 0.0024278
4.9849246 0.0000000 0.0000656 0.0036298 0.0164202 0.6826863 0.0039259 0.0499980 0.2228857 0.0203886 0.0024014
5.0251256 0.0000000 0.0000648 0.0035774 0.0162553 0.6877807 0.0038018 0.0483000 0.2201216 0.0200984 0.0023751
5.0653266 0.0000000 0.0000639 0.0035253 0.0160890 0.6928174 0.0036811 0.0466527 0.2173602 0.0198103 0.0023488
5.1055276 0.0000000 0.0000631 0.0034734 0.0159215 0.6977962 0.0035637 0.0450549 0.2146030 0.0195243 0.0023226
5.1457286 0.0000000 0.0000622 0.0034217 0.0157529 0.7027169 0.0034494 0.0435054 0.2118510 0.0192403 0.0022964
5.1859296 0.0000000 0.0000614 0.0033704 0.0155834 0.7075792 0.0033383 0.0420031 0.2091056 0.0189586 0.0022703
5.2261307 0.0000000 0.0000606 0.0033192 0.0154130 0.7123831 0.0032303 0.0405469 0.2063678 0.0186791 0.0022443
5.2663317 0.0000000 0.0000597 0.0032684 0.0152419 0.7171283 0.0031253 0.0391356 0.2036389 0.0184019 0.0022183
5.3065327 0.0000000 0.0000589 0.0032180 0.0150701 0.7218148 0.0030233 0.0377681 0.2009197 0.0181270 0.0021925
5.3467337 0.0000000 0.0000581 0.0031678 0.0148979 0.7264426 0.0029242 0.0364435 0.1982115 0.0178545 0.0021667
5.3869347 0.0000000 0.0000573 0.0031180 0.0147252 0.7310116 0.0028279 0.0351604 0.1955152 0.0175845 0.0021410
5.4271357 0.0000000 0.0000564 0.0030685 0.0145522 0.7355218 0.0027344 0.0339180 0.1928316 0.0173169 0.0021154
5.4673367 0.0000000 0.0000556 0.0030195 0.0143790 0.7399734 0.0026437 0.0327151 0.1901618 0.0170519 0.0020900
5.5075377 0.0000000 0.0000548 0.0029708 0.0142057 0.7443664 0.0025556 0.0315508 0.1875065 0.0167894 0.0020646
5.5477387 0.0000000 0.0000540 0.0029225 0.0140324 0.7487010 0.0024701 0.0304239 0.1848667 0.0165295 0.0020394
5.5879397 0.0000000 0.0000532 0.0028746 0.0138591 0.7529772 0.0023872 0.0293335 0.1822431 0.0162722 0.0020143
5.6281407 0.0000000 0.0000524 0.0028271 0.0136860 0.7571953 0.0023067 0.0282786 0.1796364 0.0160176 0.0019894
5.6683417 0.0000000 0.0000516 0.0027800 0.0135131 0.7613554 0.0022287 0.0272582 0.1770473 0.0157656 0.0019646
5.7085427 0.0000000 0.0000508 0.0027334 0.0133406 0.7654579 0.0021530 0.0262714 0.1744766 0.0155164 0.0019399
5.7487437 0.0000000 0.0000500 0.0026872 0.0131684 0.7695029 0.0020797 0.0253172 0.1719249 0.0152698 0.0019154
5.7889447 0.0000000 0.0000492 0.0026415 0.0129967 0.7734907 0.0020086 0.0243946 0.1693926 0.0150260 0.0018910
5.8291457 0.0000000 0.0000484 0.0025962 0.0128256 0.7774217 0.0019397 0.0235029 0.1668806 0.0147849 0.0018668
5.8693467 0.0000000 0.0000477 0.0025514 0.0126550 0.7812961 0.0018730 0.0226411 0.1643891 0.0145466 0.0018427
5.9095477 0.0000000 0.0000469 0.0025070 0.0124851 0.7851143 0.0018083 0.0218083 0.1619189 0.0143111 0.0018188
5.9497487 0.0000000 0.0000461 0.0024631 0.0123160 0.7888767 0.0017457 0.0210038 0.1594702 0.0140784 0.0017951
5.9899497 0.0000000 0.0000454 0.0024197 0.0121477 0.7925836 0.0016851 0.0202266 0.1570436 0.0138484 0.0017716
6.0301508 0.0000000 0.0000446 0.0023768 0.0119802 0.7962354 0.0016264 0.0194759 0.1546394 0.0136212 0.0017482
6.0703518 0.0000000 0.0000439 0.0023344 0.0118136 0.7998325 0.0015696 0.0187510 0.1522581 0.0133969 0.0017250
6.1105528 0.0000000 0.0000432 0.0022924 0.0116481 0.8033754 0.0015146 0.0180510 0.1499000 0.0131753 0.0017020
6.1507538 0.0000000 0.0000424 0.0022510 0.0114835 0.8068646 0.0014614 0.0173753 0.1475653 0.0129566 0.0016792
6.1909548 0.0000000 0.0000417 0.0022101 0.0113200 0.8103003 0.0014099 0.0167230 0.1452544 0.0127406 0.0016565
6.2311558 0.0000000 0.0000410 0.0021696 0.0111576 0.8136832 0.0013601 0.0160935 0.1429676 0.0125274 0.0016341
6.2713568 0.0000000 0.0000403 0.0021297 0.0109963 0.8170137 0.0013119 0.0154860 0.1407050 0.0123171 0.0016118
6.3115578 0.0000000 0.0000396 0.0020902 0.0108362 0.8202923 0.0012653 0.0148999 0.1384670 0.0121095 0.0015898
6.3517588 0.0000000 0.0000389 0.0020513 0.0106774 0.8235195 0.0012202 0.0143344 0.1362536 0.0119047 0.0015679
6.3919598 0.0000000 0.0000382 0.0020129 0.0105198 0.8266958 0.0011767 0.0137890 0.1340651 0.0117026 0.0015462
6.4321608 0.0000000 0.0000376 0.0019749 0.0103635 0.8298216 0.0011345 0.0132629 0.1319015 0.0115034 0.0015248
6.4723618 0.0000000 0.0000369 0.0019375 0.0102086 0.8328976 0.0010938 0.0127556 0.1297631 0.0113068 0.0015035
6.5125628 0.0000000 0.0000362 0.0019006 0.0100550 0.8359242 0.0010545 0.0122665 0.1276499 0.0111130 0.0014824
6.5527638 0.0000000 0.0000356 0.0018642 0.0099028 0.8389021 0.0010165 0.0117949 0.1255620 0.0109220 0.0014616
6.5929648 0.0000000 0.0000349 0.0018283 0.0097520 0.8418316 0.0009798 0.0113404 0.1234994 0.0107336 0.0014409
6.6331658 0.0000000 0.0000343 0.0017929 0.0096026 0.8447134 0.0009443 0.0109022 0.1214623 0.0105479 0.0014204
6.6733668 0.0000000 0.0000337 0.0017580 0.0094547 0.8475481 0.0009100 0.0104800 0.1194506 0.0103649 0.0014002
6.7135678 0.0000000 0.0000330 0.0017236 0.0093083 0.8503361 0.0008769 0.0100732 0.1174643 0.0101846 0.0013802
6.7537688 0.0000000 0.0000324 0.0016897 0.0091634 0.8530780 0.0008450 0.0096811 0.1155035 0.0100069 0.0013603
6.7939698 0.0000000 0.0000318 0.0016563 0.0090199 0.8557745 0.0008141 0.0093035 0.1135681 0.0098318 0.0013407
6.8341709 0.0000000 0.0000312 0.0016234 0.0088780 0.8584259 0.0007843 0.0089397 0.1116581 0.0096593 0.0013213
6.8743719 0.0000000 0.0000306 0.0015909 0.0087377 0.8610330 0.0007556 0.0085894 0.1097734 0.0094894 0.0013021
6.9145729 0.0000000 0.0000301 0.0015590 0.0085988 0.8635963 0.0007278 0.0082520 0.1079140 0.0093220 0.0012831
6.9547739 0.0000000 0.0000295 0.0015276 0.0084616 0.8661163 0.0007010 0.0079271 0.1060797 0.0091572 0.0012643
6.9949749 0.0000000 0.0000289 0.0014966 0.0083259 0.8685936 0.0006752 0.0076142 0.1042706 0.0089950 0.0012457
7.0351759 0.0000000 0.0000284 0.0014662 0.0081918 0.8710287 0.0006502 0.0073131 0.1024865 0.0088352 0.0012274
7.0753769 0.0000000 0.0000278 0.0014362 0.0080592 0.8734223 0.0006262 0.0070232 0.1007272 0.0086778 0.0012092
7.1155779 0.0000000 0.0000273 0.0014067 0.0079283 0.8757749 0.0006030 0.0067442 0.0989927 0.0085230 0.0011913
7.1557789 0.0000000 0.0000267 0.0013776 0.0077989 0.8780870 0.0005806 0.0064757 0.0972829 0.0083705 0.0011735
7.1959799 0.0000000 0.0000262 0.0013490 0.0076712 0.8803593 0.0005590 0.0062173 0.0955976 0.0082205 0.0011560
7.2361809 0.0000000 0.0000257 0.0013209 0.0075450 0.8825922 0.0005381 0.0059687 0.0939366 0.0080728 0.0011386
7.2763819 0.0000000 0.0000252 0.0012933 0.0074204 0.8847863 0.0005180 0.0057295 0.0922998 0.0079274 0.0011215
7.3165829 0.0000000 0.0000247 0.0012661 0.0072975 0.8869422 0.0004987 0.0054994 0.0906870 0.0077844 0.0011046
7.3567839 0.0000000 0.0000242 0.0012393 0.0071761 0.8890604 0.0004800 0.0052781 0.0890981 0.0076437 0.0010879
7.3969849 0.0000000 0.0000237 0.0012130 0.0070563 0.8911415 0.0004620 0.0050653 0.0875329 0.0075053 0.0010714
7.4371859 0.0000000 0.0000232 0.0011872 0.0069381 0.8931860 0.0004446 0.0048606 0.0859912 0.0073691 0.0010551
7.4773869 0.0000000 0.0000227 0.0011618 0.0068215 0.8951945 0.0004279 0.0046637 0.0844727 0.0072351 0.0010390
7.5175879 0.0000000 0.0000223 0.0011368 0.0067064 0.8971675 0.0004118 0.0044745 0.0829774 0.0071033 0.0010231
7.5577889 0.0000000 0.0000218 0.0011123 0.0065930 0.8991055 0.0003962 0.0042926 0.0815049 0.0069737 0.0010074
7.5979899 0.0000000 0.0000214 0.0010882 0.0064811 0.9010091 0.0003813 0.0041177 0.0800552 0.0068462 0.0009919
7.6381910 0.0000000 0.0000209 0.0010645 0.0063707 0.9028788 0.0003668 0.0039495 0.0786279 0.0067209 0.0009766
7.6783920 0.0000000 0.0000205 0.0010412 0.0062619 0.9047150 0.0003529 0.0037880 0.0772229 0.0065976 0.0009615
7.7185930 0.0000000 0.0000201 0.0010183 0.0061547 0.9065184 0.0003395 0.0036327 0.0758399 0.0064764 0.0009466
7.7587940 0.0000000 0.0000196 0.0009959 0.0060490 0.9082894 0.0003266 0.0034835 0.0744787 0.0063572 0.0009319
7.7989950 0.0000000 0.0000192 0.0009738 0.0059448 0.9100286 0.0003142 0.0033401 0.0731392 0.0062401 0.0009173
7.8391960 0.0000000 0.0000188 0.0009522 0.0058421 0.9117364 0.0003022 0.0032024 0.0718210 0.0061249 0.0009030
7.8793970 0.0000000 0.0000184 0.0009309 0.0057410 0.9134133 0.0002907 0.0030701 0.0705239 0.0060117 0.0008889
7.9195980 0.0000000 0.0000180 0.0009101 0.0056413 0.9150599 0.0002796 0.0029430 0.0692477 0.0059004 0.0008749
7.9597990 0.0000000 0.0000176 0.0008896 0.0055431 0.9166766 0.0002689 0.0028210 0.0679922 0.0057910 0.0008612
8.0000000 0.0000000 0.0000173 0.0008695 0.0054464 0.9182639 0.0002586 0.0027037 0.0667571 0.0056835 0.0008476
