0.0000000 0.0000000 0.0001875 0.0017778 0.0623756 0.2498377 0.0623756 0.2498377 0.2486808 0.1249273 0.0025948
0.0402010 0.0000266 0.0001875 0.0017781 0.0630527 0.2505549 0.0616986 0.2491353 0.2486655 0.1249274 0.0025948
0.0804020 0.0000531 0.0001875 0.0017789 0.0637296 0.2512868 0.0610221 0.2484477 0.2486196 0.1249278 0.0025945
0.1206030 0.0000797 0.0001875 0.0017804 0.0644060 0.2520334 0.0603463 0.2477749 0.2485431 0.1249285 0.0025941
0.1608040 0.0001062 0.0001875 0.0017824 0.0650817 0.2527946 0.0596716 0.2471169 0.2484361 0.1249293 0.0025935
0.2010050 0.0001327 0.0001875 0.0017850 0.0657562 0.2535704 0.0589982 0.2464736 0.2482988 0.1249304 0.0025928
0.2412060 0.0001592 0.0001874 0.0017882 0.0664293 0.2543607 0.0583264 0.2458451 0.2481312 0.1249317 0.0025919
0.2814070 0.0001856 0.0001874 0.0017920 0.0671006 0.2551654 0.0576566 0.2452312 0.2479336 0.1249332 0.0025908
0.3216080 0.0002120 0.0001873 0.0017963 0.0677700 0.2559843 0.0569890 0.2446320 0.2477062 0.1249348 0.0025896
0.3618090 0.0002384 0.0001873 0.0018012 0.0684370 0.2568173 0.0563239 0.2440474 0.2474493 0.1249366 0.0025882
0.4020101 0.0002646 0.0001872 0.0018068 0.0691013 0.2576644 0.0556615 0.2434771 0.2471631 0.1249386 0.0025866
0.4422111 0.0002909 0.0001872 0.0018129 0.0697627 0.2585253 0.0550022 0.2429213 0.2468479 0.1249406 0.0025849
0.4824121 0.0003170 0.0001871 0.0018196 0.0704208 0.2593998 0.0543463 0.2423798 0.2465040 0.1249426 0.0025831
0.5226131 0.0003431 0.0001871 0.0018269 0.0710754 0.2602879 0.0536938 0.2418523 0.2461319 0.1249447 0.0025811
0.5628141 0.0003691 0.0001870 0.0018348 0.0717262 0.2611892 0.0530452 0.2413389 0.2457319 0.1249468 0.0025789
0.6030151 0.0003951 0.0001869 0.0018433 0.0723729 0.2621036 0.0524007 0.2408394 0.2453045 0.1249488 0.0025766
0.6432161 0.0004209 0.0001868 0.0018524 0.0730151 0.2630309 0.0517604 0.2403536 0.2448500 0.1249507 0.0025741
0.6834171 0.0004467 0.0001868 0.0018621 0.0736528 0.2639708 0.0511247 0.2398815 0.2443690 0.1249524 0.0025715
0.7236181 0.0004723 0.0001867 0.0018725 0.0742854 0.2649231 0.0504936 0.2394227 0.2438620 0.1249539 0.0025688
0.7638191 0.0004979 0.0001866 0.0018835 0.0749129 0.2658875 0.0498676 0.2389771 0.2433295 0.1249552 0.0025659
0.8040201 0.0005233 0.0001865 0.0018951 0.0755349 0.2668638 0.0492467 0.2385447 0.2427720 0.1249563 0.0025628
0.8442211 0.0005486 0.0001865 0.0019073 0.0761513 0.2678517 0.0486311 0.2381251 0.2421902 0.1249569 0.0025597
0.8844221 0.0005738 0.0001864 0.0019202 0.0767617 0.2688509 0.0480211 0.2377181 0.2415844 0.1249572 0.0025564
0.9246231 0.0005989 0.0001863 0.0019337 0.0773660 0.2698611 0.0474168 0.2373237 0.2409555 0.1249570 0.0025529
0.9648241 0.0006238 0.0001862 0.0019479 0.0779638 0.2708819 0.0468183 0.2369415 0.2403040 0.1249563 0.0025494
1.0050251 0.0006486 0.0001862 0.0019627 0.0785551 0.2719132 0.0462259 0.2365714 0.2396304 0.1249550 0.0025457
1.0452261 0.0006733 0.0001861 0.0019782 0.0791396 0.2729545 0.0456397 0.2362132 0.2389356 0.1249532 0.0025419
1.0854271 0.0006978 0.0001860 0.0019944 0.0797171 0.2740056 0.0450598 0.2358665 0.2382200 0.1249506 0.0025380
1.1256281 0.0007222 0.0001860 0.0020112 0.0802874 0.2750660 0.0444864 0.2355312 0.2374845 0.1249474 0.0025340
1.1658291 0.0007464 0.0001859 0.0020287 0.0808504 0.2761355 0.0439195 0.2352071 0.2367296 0.1249433 0.0025298
1.2060302 0.0007705 0.0001859 0.0020470 0.0814058 0.2772137 0.0433593 0.2348939 0.2359560 0.1249384 0.0025256
1.2462312 0.0007944 0.0001858 0.0020659 0.0819535 0.2783002 0.0428059 0.2345914 0.2351646 0.1249327 0.0025213
1.2864322 0.0008181 0.0001858 0.0020856 0.0824934 0.2793946 0.0422594 0.2342994 0.2343558 0.1249260 0.0025168
1.3266332 0.0008417 0.0001858 0.0021059 0.0830254 0.2804967 0.0417198 0.2340175 0.2335305 0.1249183 0.0025123
1.3668342 0.0008651 0.0001858 0.0021271 0.0835492 0.2816061 0.0411873 0.2337456 0.2326894 0.1249095 0.0025076
1.4070352 0.0008884 0.0001858 0.0021489 0.0840648 0.2827223 0.0406620 0.2334835 0.2318331 0.1248997 0.0025029
1.4472362 0.0009114 0.0001858 0.0021715 0.0845721 0.2838450 0.0401438 0.2332308 0.2309625 0.1248887 0.0024981
1.4874372 0.0009343 0.0001858 0.0021949 0.0850709 0.2849738 0.0396328 0.2329873 0.2300781 0.1248765 0.0024932
1.5276382 0.0009570 0.0001858 0.0022190 0.0855613 0.2861083 0.0391291 0.2327527 0.2291807 0.1248631 0.0024883
1.5678392 0.0009795 0.0001859 0.0022439 0.0860430 0.2872482 0.0386327 0.2325269 0.2282710 0.1248484 0.0024832
1.6080402 0.0010018 0.0001860 0.0022696 0.0865160 0.2883930 0.0381437 0.2323096 0.2273497 0.1248324 0.0024781
1.6482412 0.0010239 0.0001860 0.0022961 0.0869803 0.2895425 0.0376620 0.2321005 0.2264176 0.1248150 0.0024729
1.6884422 0.0010458 0.0001861 0.0023234 0.0874358 0.2906961 0.0371877 0.2318994 0.2254752 0.1247962 0.0024677
1.7286432 0.0010676 0.0001862 0.0023516 0.0878825 0.2918536 0.0367208 0.2317060 0.2245233 0.1247759 0.0024624
1.7688442 0.0010891 0.0001864 0.0023806 0.0883203 0.2930145 0.0362612 0.2315202 0.2235626 0.1247542 0.0024570
1.8090452 0.0011104 0.0001865 0.0024104 0.0887492 0.2941785 0.0358091 0.2313415 0.2225938 0.1247310 0.0024516
1.8492462 0.0011315 0.0001867 0.0024411 0.0891692 0.2953452 0.0353642 0.2311699 0.2216174 0.1247062 0.0024462
1.8894472 0.0011525 0.0001869 0.0024727 0.0895802 0.2965142 0.0349268 0.2310050 0.2206342 0.1246799 0.0024407
1.9296482 0.0011732 0.0001871 0.0025052 0.0899823 0.2976853 0.0344966 0.2308467 0.2196448 0.1246520 0.0024351
1.9698492 0.0011937 0.0001873 0.0025386 0.0903755 0.2988579 0.0340737 0.2306947 0.2186498 0.1246225 0.0024296
2.0100503 0.0012140 0.0001875 0.0025729 0.0907598 0.3000317 0.0336581 0.2305487 0.2176499 0.1245913 0.0024240
2.0502513 0.0012341 0.0001878 0.0026081 0.0911352 0.3012065 0.0332497 0.2304086 0.2166456 0.1245584 0.0024183
2.0904523 0.0012539 0.0001881 0.0026443 0.0915017 0.3023818 0.0328485 0.2302741 0.2156376 0.1245239 0.0024126
2.1306533 0.0012736 0.0001884 0.0026814 0.0918594 0.3035573 0.0324543 0.2301450 0.2146264 0.1244877 0.0024069
2.1708543 0.0012931 0.0001888 0.0027195 0.0922084 0.3047327 0.0320672 0.2300210 0.2136126 0.1244498 0.0024012
2.2110553 0.0013123 0.0001892 0.0027586 0.0925485 0.3059076 0.0316871 0.2299020 0.2125967 0.1244102 0.0023955
2.2512563 0.0013313 0.0001896 0.0027987 0.0928800 0.3070817 0.0313140 0.2297878 0.2115794 0.1243688 0.0023897
2.2914573 0.0013501 0.0001900 0.0028399 0.0932029 0.3082547 0.0309477 0.2296780 0.2105610 0.1243257 0.0023840
2.3316583 0.0013687 0.0001905 0.0028820 0.0935171 0.3094264 0.0305882 0.2295726 0.2095422 0.1242809 0.0023782
2.3718593 0.0013871 0.0001910 0.0029253 0.0938229 0.3105963 0.0302355 0.2294713 0.2085234 0.1242343 0.0023724
2.4120603 0.0014052 0.0001915 0.0029696 0.0941203 0.3117642 0.0298894 0.2293739 0.2075051 0.1241860 0.0023666
2.4522613 0.0014232 0.0001920 0.0030150 0.0944093 0.3129298 0.0295499 0.2292803 0.2064877 0.1241360 0.0023608
2.4924623 0.0014409 0.0001926 0.0030614 0.0946901 0.3140929 0.0292168 0.2291902 0.2054718 0.1240842 0.0023550
2.5326633 0.0014584 0.0001932 0.0031091 0.0949627 0.3152531 0.0288902 0.2291034 0.2044577 0.1240307 0.0023492
2.5728643 0.0014757 0.0001939 0.0031578 0.0952272 0.3164102 0.0285699 0.2290197 0.2034458 0.1239755 0.0023435
2.6130653 0.0014928 0.0001946 0.0032078 0.0954837 0.3175640 0.0282559 0.2289391 0.2024366 0.1239185 0.0023377
2.6532663 0.0015096 0.0001953 0.0032589 0.0957323 0.3187142 0.0279480 0.2288612 0.2014304 0.1238598 0.0023319
2.6934673 0.0015263 0.0001960 0.0033112 0.0959731 0.3198606 0.0276462 0.2287859 0.2004276 0.1237994 0.0023262
2.7336683 0.0015427 0.0001968 0.0033647 0.0962062 0.3210029 0.0273503 0.2287131 0.1994286 0.1237374 0.0023205
2.7738693 0.0015589 0.0001976 0.0034195 0.0964317 0.3221409 0.0270603 0.2286426 0.1984337 0.1236737 0.0023148
2.8140704 0.0015749 0.0001985 0.0034755 0.0966497 0.3232745 0.0267761 0.2285742 0.1974432 0.1236083 0.0023091
2.8542714 0.0015907 0.0001994 0.0035328 0.0968604 0.3244034 0.0264976 0.2285078 0.1964575 0.1235412 0.0023034
2.8944724 0.0016063 0.0002004 0.0035914 0.0970638 0.3255274 0.0262247 0.2284431 0.1954767 0.1234726 0.0022977
2.9346734 0.0016216 0.0002013 0.0036513 0.0972600 0.3266464 0.0259573 0.2283801 0.1945013 0.1234023 0.0022921
2.9748744 0.0016368 0.0002024 0.0037126 0.0974492 0.3277601 0.0256952 0.2283187 0.1935314 0.1233304 0.0022865
3.0150754 0.0016517 0.0002034 0.0037752 0.0976315 0.3288685 0.0254386 0.2282585 0.1925673 0.1232569 0.0022810
3.0552764 0.0016665 0.0002045 0.0038392 0.0978070 0.3299714 0.0251871 0.2281996 0.1916093 0.1231819 0.0022754
3.0954774 0.0016810 0.0002057 0.0039047 0.0979757 0.3310685 0.0249407 0.2281418 0.1906576 0.1231054 0.0022699
3.1356784 0.0016953 0.0002069 0.0039715 0.0981379 0.3321599 0.0246994 0.2280849 0.1897123 0.1230273 0.0022645
3.1758794 0.0017094 0.0002081 0.0040398 0.0982936 0.3332453 0.0244629 0.2280288 0.1887737 0.1229477 0.0022590
3.2160804 0.0017234 0.0002094 0.0041096 0.0984429 0.3343247 0.0242314 0.2279734 0.1878419 0.1228667 0.0022536
3.2562814 0.0017371 0.0002107 0.0041809 0.0985860 0.3353979 0.0240045 0.2279185 0.1869172 0.1227842 0.0022483
3.2964824 0.0017506 0.0002121 0.0042538 0.0987230 0.3364648 0.0237823 0.2278641 0.1859996 0.1227003 0.0022430
3.3366834 0.0017639 0.0002135 0.0043281 0.0988540 0.3375254 0.0235647 0.2278100 0.1850894 0.1226149 0.0022377
3.3768844 0.0017770 0.0002150 0.0044041 0.0989791 0.3385795 0.0233515 0.2277561 0.1841866 0.1225282 0.0022324
3.4170854 0.0017900 0.0002165 0.0044817 0.0990984 0.3396272 0.0231426 0.2277023 0.1832914 0.1224401 0.0022272
3.4572864 0.0018027 0.0002181 0.0045609 0.0992120 0.3406682 0.0229381 0.2276484 0.1824038 0.1223506 0.0022221
3.4974874 0.0018152 0.0002197 0.0046417 0.0993200 0.3417026 0.0227377 0.2275944 0.1815240 0.1222598 0.0022170
3.5376884 0.0018276 0.0002213 0.0047242 0.0994227 0.3427304 0.0225414 0.2275401 0.1806522 0.1221677 0.0022119
3.5778894 0.0018398 0.0002231 0.0048085 0.0995199 0.3437513 0.0223491 0.2274855 0.1797882 0.1220744 0.0022069
3.6180905 0.0018517 0.0002248 0.0048945 0.0996120 0.3447656 0.0221608 0.2274304 0.1789323 0.1219797 0.0022019
3.6582915 0.0018635 0.0002266 0.0049822 0.0996989 0.3457730 0.0219762 0.2273748 0.1780844 0.1218838 0.0021970
3.6984925 0.0018751 0.0002285 0.0050717 0.0997808 0.3467736 0.0217954 0.2273186 0.1772447 0.1217867 0.0021921
3.7386935 0.0018866 0.0002304 0.0051631 0.0998578 0.3477674 0.0216183 0.2272616 0.1764131 0.1216884 0.0021873
3.7788945 0.0018978 0.0002324 0.0052563 0.0999299 0.3487544 0.0214447 0.2272037 0.1755897 0.1215889 0.0021825
3.8190955 0.0019089 0.0002345 0.0053514 0.0999973 0.3497345 0.0212746 0.2271450 0.1747745 0.1214882 0.0021778
3.8592965 0.0019198 0.0002365 0.0054484 0.1000602 0.3507078 0.0211080 0.2270852 0.1739676 0.1213863 0.0021731
3.8994975 0.0019305 0.0002387 0.0055473 0.1001184 0.3516743 0.0209446 0.2270244 0.1731689 0.1212834 0.0021685
3.9396985 0.0019411 0.0002409 0.0056483 0.1001723 0.3526340 0.0207845 0.2269623 0.1723784 0.1211793 0.0021639
3.9798995 0.0019514 0.0002432 0.0057512 0.1002218 0.3535870 0.0206276 0.2268990 0.1715962 0.1210740 0.0021594
4.0201005 0.0019617 0.0002455 0.0058561 0.1002671 0.3545332 0.0204738 0.2268344 0.1708222 0.1209677 0.0021549
4.0603015 0.0019717 0.0002479 0.0059631 0.1003082 0.3554727 0.0203230 0.2267684 0.1700564 0.1208604 0.0021505
4.1005025 0.0019816 0.0002503 0.0060722 0.1003453 0.3564056 0.0201751 0.2267008 0.1692987 0.1207519 0.0021461
4.1407035 0.0019913 0.0002528 0.0061835 0.1003783 0.3573319 0.0200301 0.2266317 0.1685492 0.1206424 0.0021418
4.1809045 0.0020009 0.0002554 0.0062969 0.1004075 0.3582516 0.0198880 0.2265610 0.1678079 0.1205319 0.0021375
4.2211055 0.0020103 0.0002580 0.0064125 0.1004328 0.3591649 0.0197485 0.2264885 0.1670745 0.1204203 0.0021333
4.2613065 0.0020195 0.0002607 0.0065303 0.1004544 0.3600717 0.0196117 0.2264143 0.1663492 0.1203077 0.0021291
4.3015075 0.0020286 0.0002634 0.0066504 0.1004723 0.3609722 0.0194775 0.2263382 0.1656319 0.1201941 0.0021250
4.3417085 0.0020376 0.0002663 0.0067728 0.1004866 0.3618665 0.0193458 0.2262602 0.1649224 0.1200795 0.0021209
4.3819095 0.0020463 0.0002691 0.0068975 0.1004974 0.3627545 0.0192166 0.2261802 0.1642208 0.1199639 0.0021169
4.4221106 0.0020550 0.0002721 0.0070245 0.1005047 0.3636364 0.0190898 0.2260981 0.1635270 0.1198473 0.0021129
4.4623116 0.0020635 0.0002751 0.0071540 0.1005087 0.3645124 0.0189653 0.2260140 0.1628408 0.1197297 0.0021090
4.5025126 0.0020718 0.0002782 0.0072860 0.1005093 0.3653824 0.0188431 0.2259276 0.1621623 0.1196111 0.0021051
4.5427136 0.0020800 0.0002813 0.0074203 0.1005067 0.3662465 0.0187231 0.2258391 0.1614913 0.1194916 0.0021013
4.5829146 0.0020881 0.0002846 0.0075573 0.1005009 0.3671049 0.0186053 0.2257482 0.1608279 0.1193711 0.0020976
4.6231156 0.0020960 0.0002878 0.0076967 0.1004919 0.3679577 0.0184895 0.2256550 0.1601717 0.1192496 0.0020939
4.6633166 0.0021038 0.0002912 0.0078387 0.1004799 0.3688050 0.0183758 0.2255593 0.1595229 0.1191271 0.0020902
4.7035176 0.0021115 0.0002946 0.0079834 0.1004648 0.3696469 0.0182640 0.2254612 0.1588813 0.1190037 0.0020866
4.7437186 0.0021190 0.0002981 0.0081307 0.1004468 0.3704835 0.0181542 0.2253606 0.1582468 0.1188793 0.0020830
4.7839196 0.0021264 0.0003017 0.0082807 0.1004258 0.3713148 0.0180463 0.2252574 0.1576194 0.1187539 0.0020795
4.8241206 0.0021337 0.0003054 0.0084335 0.1004020 0.3721412 0.0179401 0.2251515 0.1569988 0.1186275 0.0020761
4.8643216 0.0021408 0.0003091 0.0085890 0.1003754 0.3729625 0.0178358 0.2250430 0.1563851 0.1185002 0.0020726
4.9045226 0.0021478 0.0003129 0.0087474 0.1003460 0.3737791 0.0177331 0.2249317 0.1557781 0.1183719 0.0020693
4.9447236 0.0021547 0.0003167 0.0089086 0.1003139 0.3745909 0.0176321 0.2248176 0.1551777 0.1182426 0.0020660
4.9849246 0.0021615 0.0003207 0.0090726 0.1002790 0.3753982 0.0175327 0.2247006 0.1545838 0.1181123 0.0020627
5.0251256 0.0021681 0.0003247 0.0092397 0.1002416 0.3762011 0.0174349 0.2245808 0.1539963 0.1179810 0.0020595
5.0653266 0.0021746 0.0003288 0.0094097 0.1002015 0.3769996 0.0173387 0.2244580 0.1534151 0.1178487 0.0020563
5.1055276 0.0021811 0.0003330 0.0095827 0.1001589 0.3777940 0.0172439 0.2243322 0.1528401 0.1177153 0.0020531
5.1457286 0.0021874 0.0003372 0.0097587 0.1001137 0.3785843 0.0171505 0.2242033 0.1522712 0.1175810 0.0020501
5.1859296 0.0021935 0.0003416 0.0099378 0.1000660 0.3793708 0.0170585 0.2240713 0.1517083 0.1174456 0.0020470
5.2261307 0.0021996 0.0003460 0.0101201 0.1000159 0.3801534 0.0169679 0.2239362 0.1511512 0.1173092 0.0020440
5.2663317 0.0022056 0.0003505 0.0103056 0.0999633 0.3809325 0.0168785 0.2237979 0.1505999 0.1171717 0.0020411
5.3065327 0.0022114 0.0003551 0.0104942 0.0999083 0.3817081 0.0167904 0.2236564 0.1500542 0.1170332 0.0020381
5.3467337 0.0022172 0.0003598 0.0106862 0.0998510 0.3824803 0.0167036 0.2235116 0.1495140 0.1168936 0.0020353
5.3869347 0.0022228 0.0003645 0.0108814 0.0997913 0.3832494 0.0166179 0.2233634 0.1489792 0.1167529 0.0020324
5.4271357 0.0022284 0.0003693 0.0110799 0.0997292 0.3840153 0.0165334 0.2232119 0.1484498 0.1166111 0.0020297
5.4673367 0.0022338 0.0003742 0.0112819 0.0996649 0.3847784 0.0164500 0.2230569 0.1479255 0.1164682 0.0020269
5.5075377 0.0022392 0.0003793 0.0114872 0.0995982 0.3855388 0.0163676 0.2228985 0.1474062 0.1163242 0.0020242
5.5477387 0.0022444 0.0003843 0.0116960 0.0995294 0.3862965 0.0162863 0.2227365 0.1468919 0.1161790 0.0020215
5.5879397 0.0022496 0.0003895 0.0119083 0.0994582 0.3870517 0.0162060 0.2225710 0.1463824 0.1160327 0.0020189
5.6281407 0.0022546 0.0003948 0.0121242 0.0993849 0.3878047 0.0161266 0.2224019 0.1458777 0.1158852 0.0020163
5.6683417 0.0022596 0.0004001 0.0123436 0.0993093 0.3885554 0.0160482 0.2222292 0.1453776 0.1157365 0.0020138
5.7085427 0.0022645 0.0004056 0.0125667 0.0992316 0.3893042 0.0159707 0.2220528 0.1448819 0.1155866 0.0020113
5.7487437 0.0022692 0.0004111 0.0127934 0.0991517 0.3900510 0.0158940 0.2218726 0.1443906 0.1154355 0.0020088
5.7889447 0.0022739 0.0004167 0.0130239 0.0990696 0.3907961 0.0158182 0.2216887 0.1439036 0.1152832 0.0020063
5.8291457 0.0022785 0.0004224 0.0132581 0.0989853 0.3915397 0.0157431 0.2215010 0.1434207 0.1151296 0.0020039
5.8693467 0.0022831 0.0004282 0.0134961 0.0988990 0.3922818 0.0156689 0.2213095 0.1429419 0.1149747 0.0020016
5.9095477 0.0022875 0.0004341 0.0137379 0.0988105 0.3930226 0.0155954 0.2211140 0.1424670 0.1148186 0.0019992
5.9497487 0.0022919 0.0004401 0.0139835 0.0987199 0.3937623 0.0155226 0.2209146 0.1419959 0.1146611 0.0019969
5.9899497 0.0022961 0.0004462 0.0142331 0.0986272 0.3945009 0.0154504 0.2207113 0.1415285 0.1145023 0.0019947
6.0301508 0.0023003 0.0004523 0.0144867 0.0985324 0.3952387 0.0153790 0.2205040 0.1410647 0.1143422 0.0019924
6.0703518 0.0023044 0.0004586 0.0147442 0.0984355 0.3959758 0.0153082 0.2202926 0.1406044 0.1141807 0.0019902
6.1105528 0.0023085 0.0004649 0.0150057 0.0983365 0.3967124 0.0152379 0.2200772 0.1401475 0.1140178 0.0019880
6.1507538 0.0023124 0.0004714 0.0152713 0.0982355 0.3974485 0.0151683 0.2198576 0.1396938 0.1138535 0.0019859
6.1909548 0.0023163 0.0004779 0.0155411 0.0981324 0.3981843 0.0150992 0.2196340 0.1392433 0.1136878 0.0019838
6.2311558 0.0023201 0.0004846 0.0158149 0.0980272 0.3989200 0.0150307 0.2194061 0.1387959 0.1135207 0.0019817
6.2713568 0.0023239 0.0004913 0.0160929 0.0979200 0.3996556 0.0149626 0.2191740 0.1383514 0.1133521 0.0019796
6.3115578 0.0023275 0.0004981 0.0163752 0.0978107 0.4003914 0.0148951 0.2189377 0.1379098 0.1131820 0.0019776
6.3517588 0.0023311 0.0005050 0.0166617 0.0976994 0.4011275 0.0148280 0.2186971 0.1374709 0.1130105 0.0019756
6.3919598 0.0023347 0.0005120 0.0169524 0.0975860 0.4018640 0.0147613 0.2184522 0.1370347 0.1128374 0.0019736
6.4321608 0.0023381 0.0005192 0.0172475 0.0974705 0.4026010 0.0146950 0.2182029 0.1366010 0.1126628 0.0019716
6.4723618 0.0023415 0.0005264 0.0175470 0.0973531 0.4033387 0.0146292 0.2179493 0.1361698 0.1124866 0.0019697
6.5125628 0.0023448 0.0005337 0.0178508 0.0972335 0.4040771 0.0145637 0.2176913 0.1357409 0.1123089 0.0019678
6.5527638 0.0023481 0.0005411 0.0181590 0.0971120 0.4048165 0.0144986 0.2174289 0.1353143 0.1121296 0.0019659
6.5929648 0.0023513 0.0005486 0.0184717 0.0969884 0.4055570 0.0144338 0.2171620 0.1348899 0.1119487 0.0019641
6.6331658 0.0023545 0.0005562 0.0187889 0.0968628 0.4062986 0.0143694 0.2168906 0.1344675 0.1117661 0.0019622
6.6733668 0.0023575 0.0005639 0.0191105 0.0967351 0.4070416 0.0143052 0.2166147 0.1340471 0.1115820 0.0019604
6.7135678 0.0023606 0.0005716 0.0194367 0.0966054 0.4077859 0.0142413 0.2163343 0.1336286 0.1113961 0.0019586
6.7537688 0.0023635 0.0005795 0.0197675 0.0964737 0.4085318 0.0141777 0.2160493 0.1332119 0.1112086 0.0019568
6.7939698 0.0023664 0.0005875 0.0201028 0.0963399 0.4092794 0.0141144 0.2157597 0.1327969 0.1110194 0.0019551
6.8341709 0.0023693 0.0005956 0.0204428 0.0962041 0.4100287 0.0140512 0.2154656 0.1323835 0.1108285 0.0019533
6.8743719 0.0023721 0.0006037 0.0207873 0.0960662 0.4107799 0.0139883 0.2151668 0.1319717 0.1106359 0.0019516
6.9145729 0.0023748 0.0006120 0.0211366 0.0959264 0.4115331 0.0139256 0.2148634 0.1315614 0.1104415 0.0019499
6.9547739 0.0023775 0.0006204 0.0214905 0.0957845 0.4122884 0.0138631 0.2145553 0.1311524 0.1102454 0.0019482
6.9949749 0.0023802 0.0006288 0.0218491 0.0956405 0.4130459 0.0138007 0.2142426 0.1307448 0.1100476 0.0019465
7.0351759 0.0023827 0.0006374 0.0222125 0.0954946 0.4138056 0.0137385 0.2139252 0.1303384 0.1098479 0.0019448
7.0753769 0.0023853 0.0006460 0.0225805 0.0953465 0.4145678 0.0136765 0.2136030 0.1299331 0.1096465 0.0019432
7.1155779 0.0023878 0.0006547 0.0229534 0.0951965 0.4153325 0.0136146 0.2132762 0.1295289 0.1094432 0.0019416
7.1557789 0.0023902 0.0006636 0.0233310 0.0950445 0.4160997 0.0135528 0.2129446 0.1291257 0.1092381 0.0019399
7.1959799 0.0023926 0.0006725 0.0237133 0.0948904 0.4168697 0.0134911 0.2126083 0.1287235 0.1090312 0.0019383
7.2361809 0.0023949 0.0006815 0.0241005 0.0947343 0.4176423 0.0134295 0.2122673 0.1283221 0.1088225 0.0019367
7.2763819 0.0023972 0.0006906 0.0244924 0.0945761 0.4184179 0.0133680 0.2119215 0.1279216 0.1086119 0.0019351
7.3165829 0.0023995 0.0006998 0.0248892 0.0944160 0.4191963 0.0133066 0.2115709 0.1275218 0.1083995 0.0019335
7.3567839 0.0024017 0.0007091 0.0252907 0.0942538 0.4199777 0.0132452 0.2112156 0.1271226 0.1081852 0.0019320
7.3969849 0.0024038 0.0007184 0.0256971 0.0940896 0.4207622 0.0131839 0.2108556 0.1267241 0.1079691 0.0019304
7.4371859 0.0024059 0.0007279 0.0261083 0.0939234 0.4215499 0.0131226 0.2104907 0.1263261 0.1077510 0.0019288
7.4773869 0.0024080 0.0007374 0.0265243 0.0937552 0.4223407 0.0130614 0.2101212 0.1259286 0.1075311 0.0019273
7.5175879 0.0024100 0.0007470 0.0269451 0.0935850 0.4231348 0.0130002 0.2097468 0.1255316 0.1073093 0.0019257
7.5577889 0.0024120 0.0007567 0.0273708 0.0934128 0.4239323 0.0129390 0.2093678 0.1251350 0.1070856 0.0019242
7.5979899 0.0024140 0.0007665 0.0278012 0.0932386 0.4247331 0.0128779 0.2089840 0.1247387 0.1068600 0.0019227
7.6381910 0.0024159 0.0007764 0.0282364 0.0930625 0.4255373 0.0128167 0.2085954 0.1243427 0.1066325 0.0019211
7.6783920 0.0024178 0.0007863 0.0286764 0.0928843 0.4263451 0.0127556 0.2082021 0.1239470 0.1064031 0.0019196
7.7185930 0.0024196 0.0007964 0.0291212 0.0927042 0.4271563 0.0126944 0.2078042 0.1235515 0.1061718 0.0019181
7.7587940 0.0024214 0.0008065 0.0295708 0.0925221 0.4279711 0.0126333 0.2074015 0.1231561 0.1059387 0.0019165
7.7989950 0.0024232 0.0008167 0.0300250 0.0923381 0.4287895 0.0125721 0.2069942 0.1227608 0.1057036 0.0019150
7.8391960 0.0024249 0.0008269 0.0304841 0.0921521 0.4296115 0.0125109 0.2065822 0.1223657 0.1054667 0.0019135
7.8793970 0.0024266 0.0008372 0.0309478 0.0919642 0.4304371 0.0124497 0.2061656 0.1219706 0.1052278 0.0019120
7.9195980 0.0024282 0.0008476 0.0314162 0.0917744 0.4312664 0.0123884 0.2057444 0.1215755 0.1049871 0.0019104
7.9597990 0.0024299 0.0008581 0.0318892 0.0915827 0.4320995 0.0123271 0.2053186 0.1211803 0.1047445 0.0019089
8.0000000 0.0024315 0.0008686 0.0323669 0.0913891 0.4329362 0.0122658 0.2048882 0.1207852 0.1045001 0.0019074
