0.0000000 -0.0008307 0.0000704 0.0020208 0.0137243 0.2678187 0.0472333 0.2842175 0.3238972 0.0610177 0.0045459
0.0050251 -0.0008288 0.0000705 0.0020243 0.0137348 0.2678701 0.0471660 0.2841962 0.3239770 0.0609610 0.0045448
0.0100503 -0.0008268 0.0000706 0.0020279 0.0137453 0.2679215 0.0470988 0.2841751 0.3240565 0.0609043 0.0045437
0.0150754 -0.0008249 0.0000706 0.0020314 0.0137559 0.2679730 0.0470315 0.2841542 0.3241358 0.0608476 0.0045426
0.0201005 -0.0008230 0.0000707 0.0020350 0.0137664 0.2680245 0.0469642 0.2841335 0.3242149 0.0607909 0.0045415
0.0251256 -0.0008211 0.0000708 0.0020386 0.0137769 0.2680759 0.0468969 0.2841130 0.3242937 0.0607343 0.0045404
0.0301508 -0.0008192 0.0000708 0.0020421 0.0137875 0.2681275 0.0468296 0.2840927 0.3243722 0.0606776 0.0045393
0.0351759 -0.0008172 0.0000709 0.0020457 0.0137980 0.2681790 0.0467624 0.2840726 0.3244505 0.0606209 0.0045382
0.0402010 -0.0008153 0.0000710 0.0020494 0.0138086 0.2682306 0.0466951 0.2840526 0.3245285 0.0605643 0.0045371
0.0452261 -0.0008134 0.0000710 0.0020530 0.0138191 0.2682822 0.0466278 0.2840329 0.3246063 0.0605076 0.0045360
0.0502513 -0.0008115 0.0000711 0.0020566 0.0138297 0.2683338 0.0465605 0.2840134 0.3246838 0.0604510 0.0045349
0.0552764 -0.0008096 0.0000712 0.0020603 0.0138403 0.2683854 0.0464932 0.2839941 0.3247611 0.0603944 0.0045338
0.0603015 -0.0008076 0.0000712 0.0020639 0.0138509 0.2684371 0.0464260 0.2839750 0.3248381 0.0603378 0.0045326
0.0653266 -0.0008057 0.0000713 0.0020676 0.0138615 0.2684888 0.0463587 0.2839561 0.3249149 0.0602812 0.0045315
0.0703518 -0.0008038 0.0000714 0.0020713 0.0138721 0.2685405 0.0462914 0.2839373 0.3249914 0.0602246 0.0045304
0.0753769 -0.0008019 0.0000714 0.0020750 0.0138828 0.2685922 0.0462241 0.2839188 0.3250676 0.0601680 0.0045292
0.0804020 -0.0008000 0.0000715 0.0020787 0.0138934 0.2686440 0.0461569 0.2839005 0.3251436 0.0601114 0.0045281
0.0854271 -0.0007980 0.0000716 0.0020824 0.0139040 0.2686958 0.0460896 0.2838824 0.3252193 0.0600549 0.0045270
0.0904523 -0.0007961 0.0000716 0.0020861 0.0139147 0.2687476 0.0460223 0.2838645 0.3252948 0.0599983 0.0045258
0.0954774 -0.0007942 0.0000717 0.0020899 0.0139254 0.2687994 0.0459551 0.2838468 0.3253700 0.0599418 0.0045247
0.1005025 -0.0007923 0.0000718 0.0020937 0.0139360 0.2688513 0.0458878 0.2838292 0.3254449 0.0598853 0.0045235
0.1055276 -0.0007904 0.0000718 0.0020974 0.0139467 0.2689032 0.0458205 0.2838119 0.3255196 0.0598288 0.0045224
0.1105528 -0.0007884 0.0000719 0.0021012 0.0139574 0.2689551 0.0457533 0.2837948 0.3255940 0.0597723 0.0045212
0.1155779 -0.0007865 0.0000720 0.0021050 0.0139681 0.2690071 0.0456860 0.2837779 0.3256682 0.0597158 0.0045200
0.1206030 -0.0007846 0.0000720 0.0021088 0.0139788 0.2690590 0.0456188 0.2837612 0.3257421 0.0596593 0.0045189
0.1256281 -0.0007827 0.0000721 0.0021126 0.0139895 0.2691110 0.0455516 0.2837447 0.3258157 0.0596028 0.0045177
0.1306533 -0.0007808 0.0000722 0.0021165 0.0140002 0.2691630 0.0454843 0.2837284 0.3258891 0.0595464 0.0045165
0.1356784 -0.0007788 0.0000722 0.0021203 0.0140109 0.2692151 0.0454171 0.2837123 0.3259622 0.0594899 0.0045153
0.1407035 -0.0007769 0.0000723 0.0021242 0.0140217 0.2692672 0.0453499 0.2836963 0.3260350 0.0594335 0.0045142
0.1457286 -0.0007750 0.0000723 0.0021281 0.0140324 0.2693192 0.0452827 0.2836806 0.3261075 0.0593771 0.0045130
0.1507538 -0.0007731 0.0000724 0.0021320 0.0140431 0.2693714 0.0452154 0.2836651 0.3261798 0.0593207 0.0045118
0.1557789 -0.0007712 0.0000725 0.0021359 0.0140539 0.2694235 0.0451482 0.2836498 0.3262519 0.0592643 0.0045106
0.1608040 -0.0007692 0.0000725 0.0021398 0.0140647 0.2694757 0.0450810 0.2836347 0.3263236 0.0592079 0.0045094
0.1658291 -0.0007673 0.0000726 0.0021437 0.0140754 0.2695279 0.0450138 0.2836198 0.3263951 0.0591516 0.0045082
0.1708543 -0.0007654 0.0000727 0.0021477 0.0140862 0.2695801 0.0449467 0.2836051 0.3264663 0.0590952 0.0045070
0.1758794 -0.0007635 0.0000727 0.0021516 0.0140970 0.2696324 0.0448795 0.2835907 0.3265372 0.0590389 0.0045058
0.1809045 -0.0007616 0.0000728 0.0021556 0.0141078 0.2696846 0.0448123 0.2835764 0.3266079 0.0589826 0.0045046
0.1859296 -0.0007597 0.0000729 0.0021596 0.0141186 0.2697369 0.0447451 0.2835623 0.3266783 0.0589263 0.0045034
0.1909548 -0.0007577 0.0000729 0.0021636 0.0141294 0.2697893 0.0446780 0.2835484 0.3267484 0.0588700 0.0045022
0.1959799 -0.0007558 0.0000730 0.0021676 0.0141402 0.2698416 0.0446109 0.2835347 0.3268183 0.0588138 0.0045009
0.2010050 -0.0007539 0.0000731 0.0021716 0.0141510 0.2698940 0.0445437 0.2835213 0.3268878 0.0587575 0.0044997
0.2060302 -0.0007520 0.0000731 0.0021756 0.0141619 0.2699464 0.0444766 0.2835080 0.3269571 0.0587013 0.0044985
0.2110553 -0.0007501 0.0000732 0.0021797 0.0141727 0.2699988 0.0444095 0.2834949 0.3270262 0.0586451 0.0044973
0.2160804 -0.0007482 0.0000733 0.0021837 0.0141835 0.2700513 0.0443424 0.2834821 0.3270949 0.0585889 0.0044960
0.2211055 -0.0007462 0.0000733 0.0021878 0.0141944 0.2701037 0.0442753 0.2834694 0.3271634 0.0585327 0.0044948
0.2261307 -0.0007443 0.0000734 0.0021919 0.0142052 0.2701563 0.0442082 0.2834569 0.3272316 0.0584765 0.0044935
0.2311558 -0.0007424 0.0000734 0.0021960 0.0142161 0.2702088 0.0441411 0.2834447 0.3272995 0.0584204 0.0044923
0.2361809 -0.0007405 0.0000735 0.0022001 0.0142270 0.2702613 0.0440740 0.2834326 0.3273671 0.0583642 0.0044911
0.2412060 -0.0007386 0.0000736 0.0022043 0.0142378 0.2703139 0.0440070 0.2834208 0.3274345 0.0583081 0.0044898
0.2462312 -0.0007367 0.0000736 0.0022084 0.0142487 0.2703665 0.0439399 0.2834092 0.3275016 0.0582520 0.0044885
0.2512563 -0.0007348 0.0000737 0.0022126 0.0142596 0.2704192 0.0438729 0.2833977 0.3275684 0.0581960 0.0044873
0.2562814 -0.0007328 0.0000738 0.0022167 0.0142705 0.2704718 0.0438059 0.2833865 0.3276349 0.0581399 0.0044860
0.2613065 -0.0007309 0.0000738 0.0022209 0.0142814 0.2705245 0.0437389 0.2833755 0.3277011 0.0580838 0.0044848
0.2663317 -0.0007290 0.0000739 0.0022251 0.0142923 0.2705772 0.0436719 0.2833647 0.3277671 0.0580278 0.0044835
0.2713568 -0.0007271 0.0000740 0.0022293 0.0143032 0.2706300 0.0436049 0.2833540 0.3278327 0.0579718 0.0044822
0.2763819 -0.0007252 0.0000740 0.0022335 0.0143141 0.2706828 0.0435379 0.2833436 0.3278981 0.0579158 0.0044809
0.2814070 -0.0007233 0.0000741 0.0022378 0.0143251 0.2707356 0.0434710 0.2833334 0.3279632 0.0578599 0.0044797
0.2864322 -0.0007214 0.0000741 0.0022420 0.0143360 0.2707884 0.0434040 0.2833234 0.3280281 0.0578039 0.0044784
0.2914573 -0.0007195 0.0000742 0.0022463 0.0143469 0.2708412 0.0433371 0.2833136 0.3280926 0.0577480 0.0044771
0.2964824 -0.0007175 0.0000743 0.0022506 0.0143579 0.2708941 0.0432702 0.2833040 0.3281568 0.0576921 0.0044758
0.3015075 -0.0007156 0.0000743 0.0022549 0.0143688 0.2709470 0.0432033 0.2832947 0.3282208 0.0576362 0.0044745
0.3065327 -0.0007137 0.0000744 0.0022592 0.0143798 0.2709999 0.0431364 0.2832855 0.3282845 0.0575803 0.0044732
0.3115578 -0.0007118 0.0000745 0.0022635 0.0143907 0.2710529 0.0430696 0.2832765 0.3283479 0.0575245 0.0044719
0.3165829 -0.0007099 0.0000745 0.0022679 0.0144017 0.2711059 0.0430027 0.2832677 0.3284110 0.0574687 0.0044706
0.3216080 -0.0007080 0.0000746 0.0022722 0.0144126 0.2711589 0.0429359 0.2832592 0.3284738 0.0574129 0.0044693
0.3266332 -0.0007061 0.0000747 0.0022766 0.0144236 0.2712119 0.0428690 0.2832508 0.3285363 0.0573571 0.0044680
0.3316583 -0.0007042 0.0000747 0.0022810 0.0144346 0.2712650 0.0428022 0.2832427 0.3285985 0.0573013 0.0044667
0.3366834 -0.0007023 0.0000748 0.0022854 0.0144456 0.2713180 0.0427355 0.2832347 0.3286605 0.0572456 0.0044654
0.3417085 -0.0007004 0.0000748 0.0022898 0.0144566 0.2713712 0.0426687 0.2832270 0.3287221 0.0571898 0.0044640
0.3467337 -0.0006985 0.0000749 0.0022942 0.0144676 0.2714243 0.0426019 0.2832195 0.3287835 0.0571341 0.0044627
0.3517588 -0.0006966 0.0000750 0.0022986 0.0144786 0.2714775 0.0425352 0.2832121 0.3288446 0.0570785 0.0044614
0.3567839 -0.0006947 0.0000750 0.0023031 0.0144896 0.2715307 0.0424685 0.2832050 0.3289054 0.0570228 0.0044601
0.3618090 -0.0006927 0.0000751 0.0023076 0.0145006 0.2715839 0.0424018 0.2831981 0.3289659 0.0569672 0.0044587
0.3668342 -0.0006908 0.0000752 0.0023120 0.0145116 0.2716371 0.0423351 0.2831914 0.3290260 0.0569116 0.0044574
0.3718593 -0.0006889 0.0000752 0.0023165 0.0145226 0.2716904 0.0422684 0.2831849 0.3290860 0.0568560 0.0044560
0.3768844 -0.0006870 0.0000753 0.0023211 0.0145336 0.2717437 0.0422018 0.2831786 0.3291456 0.0568004 0.0044547
0.3819095 -0.0006851 0.0000753 0.0023256 0.0145446 0.2717970 0.0421351 0.2831725 0.3292049 0.0567449 0.0044534
0.3869347 -0.0006832 0.0000754 0.0023301 0.0145557 0.2718504 0.0420685 0.2831666 0.3292639 0.0566894 0.0044520
0.3919598 -0.0006813 0.0000755 0.0023347 0.0145667 0.2719038 0.0420020 0.2831610 0.3293226 0.0566339 0.0044506
0.3969849 -0.0006794 0.0000755 0.0023392 0.0145777 0.2719572 0.0419354 0.2831555 0.3293810 0.0565784 0.0044493
0.4020101 -0.0006775 0.0000756 0.0023438 0.0145888 0.2720106 0.0418688 0.2831502 0.3294392 0.0565230 0.0044479
0.4070352 -0.0006756 0.0000756 0.0023484 0.0145998 0.2720641 0.0418023 0.2831452 0.3294970 0.0564675 0.0044466
0.4120603 -0.0006737 0.0000757 0.0023530 0.0146109 0.2721176 0.0417358 0.2831403 0.3295545 0.0564121 0.0044452
0.4170854 -0.0006718 0.0000758 0.0023577 0.0146219 0.2721711 0.0416693 0.2831357 0.3296118 0.0563568 0.0044438
0.4221106 -0.0006699 0.0000758 0.0023623 0.0146330 0.2722246 0.0416028 0.2831312 0.3296687 0.0563014 0.0044424
0.4271357 -0.0006680 0.0000759 0.0023670 0.0146440 0.2722782 0.0415364 0.2831270 0.3297254 0.0562461 0.0044411
0.4321608 -0.0006661 0.0000760 0.0023717 0.0146551 0.2723318 0.0414700 0.2831230 0.3297817 0.0561908 0.0044397
0.4371859 -0.0006642 0.0000760 0.0023763 0.0146662 0.2723854 0.0414036 0.2831192 0.3298377 0.0561355 0.0044383
0.4422111 -0.0006623 0.0000761 0.0023811 0.0146772 0.2724391 0.0413372 0.2831155 0.3298935 0.0560803 0.0044369
0.4472362 -0.0006604 0.0000761 0.0023858 0.0146883 0.2724928 0.0412708 0.2831121 0.3299489 0.0560251 0.0044355
0.4522613 -0.0006585 0.0000762 0.0023905 0.0146994 0.2725465 0.0412045 0.2831089 0.3300041 0.0559699 0.0044341
0.4572864 -0.0006566 0.0000763 0.0023953 0.0147105 0.2726002 0.0411382 0.2831060 0.3300589 0.0559147 0.0044327
0.4623116 -0.0006547 0.0000763 0.0024000 0.0147216 0.2726540 0.0410719 0.2831032 0.3301134 0.0558596 0.0044313
0.4673367 -0.0006528 0.0000764 0.0024048 0.0147327 0.2727078 0.0410057 0.2831006 0.3301677 0.0558044 0.0044299
0.4723618 -0.0006510 0.0000764 0.0024096 0.0147437 0.2727616 0.0409394 0.2830982 0.3302216 0.0557494 0.0044285
0.4773869 -0.0006491 0.0000765 0.0024144 0.0147548 0.2728155 0.0408732 0.2830961 0.3302752 0.0556943 0.0044271
0.4824121 -0.0006472 0.0000766 0.0024192 0.0147659 0.2728693 0.0408070 0.2830941 0.3303286 0.0556393 0.0044257
0.4874372 -0.0006453 0.0000766 0.0024241 0.0147770 0.2729232 0.0407409 0.2830923 0.3303816 0.0555843 0.0044243
0.4924623 -0.0006434 0.0000767 0.0024289 0.0147881 0.2729772 0.0406747 0.2830908 0.3304343 0.0555293 0.0044229
0.4974874 -0.0006415 0.0000767 0.0024338 0.0147992 0.2730311 0.0406086 0.2830895 0.3304867 0.0554743 0.0044214
0.5025126 -0.0006396 0.0000768 0.0024387 0.0148103 0.2730851 0.0405425 0.2830883 0.3305388 0.0554194 0.0044200
0.5075377 -0.0006377 0.0000769 0.0024436 0.0148214 0.2731391 0.0404764 0.2830874 0.3305906 0.0553645 0.0044186
0.5125628 -0.0006358 0.0000769 0.0024485 0.0148326 0.2731932 0.0404104 0.2830867 0.3306421 0.0553096 0.0044171
0.5175879 -0.0006339 0.0000770 0.0024535 0.0148437 0.2732473 0.0403444 0.2830862 0.3306933 0.0552548 0.0044157
0.5226131 -0.0006321 0.0000770 0.0024584 0.0148548 0.2733014 0.0402784 0.2830859 0.3307442 0.0552000 0.0044143
0.5276382 -0.0006302 0.0000771 0.0024634 0.0148659 0.2733555 0.0402125 0.2830858 0.3307947 0.0551452 0.0044128
0.5326633 -0.0006283 0.0000772 0.0024684 0.0148770 0.2734096 0.0401465 0.2830859 0.3308450 0.0550905 0.0044114
0.5376884 -0.0006264 0.0000772 0.0024734 0.0148881 0.2734638 0.0400806 0.2830862 0.3308949 0.0550357 0.0044099
0.5427136 -0.0006245 0.0000773 0.0024784 0.0148993 0.2735180 0.0400147 0.2830867 0.3309446 0.0549810 0.0044085
0.5477387 -0.0006226 0.0000773 0.0024834 0.0149104 0.2735723 0.0399489 0.2830874 0.3309939 0.0549264 0.0044070
0.5527638 -0.0006207 0.0000774 0.0024885 0.0149215 0.2736265 0.0398831 0.2830883 0.3310429 0.0548717 0.0044055
0.5577889 -0.0006189 0.0000774 0.0024935 0.0149326 0.2736808 0.0398173 0.2830895 0.3310916 0.0548171 0.0044041
0.5628141 -0.0006170 0.0000775 0.0024986 0.0149438 0.2737352 0.0397515 0.2830908 0.3311400 0.0547626 0.0044026
0.5678392 -0.0006151 0.0000776 0.0025037 0.0149549 0.2737895 0.0396858 0.2830924 0.3311881 0.0547080 0.0044011
0.5728643 -0.0006132 0.0000776 0.0025088 0.0149660 0.2738439 0.0396201 0.2830941 0.3312359 0.0546535 0.0043997
0.5778894 -0.0006113 0.0000777 0.0025140 0.0149772 0.2738983 0.0395544 0.2830961 0.3312834 0.0545990 0.0043982
0.5829146 -0.0006095 0.0000777 0.0025191 0.0149883 0.2739528 0.0394888 0.2830982 0.3313305 0.0545446 0.0043967
0.5879397 -0.0006076 0.0000778 0.0025243 0.0149994 0.2740072 0.0394232 0.2831006 0.3313774 0.0544901 0.0043952
0.5929648 -0.0006057 0.0000779 0.0025294 0.0150106 0.2740617 0.0393576 0.2831032 0.3314239 0.0544357 0.0043938
0.5979899 -0.0006038 0.0000779 0.0025346 0.0150217 0.2741162 0.0392920 0.2831060 0.3314701 0.0543814 0.0043923
0.6030151 -0.0006019 0.0000780 0.0025398 0.0150328 0.2741708 0.0392265 0.2831090 0.3315160 0.0543271 0.0043908
0.6080402 -0.0006001 0.0000780 0.0025451 0.0150440 0.2742254 0.0391610 0.2831121 0.3315616 0.0542728 0.0043893
0.6130653 -0.0005982 0.0000781 0.0025503 0.0150551 0.2742800 0.0390955 0.2831155 0.3316069 0.0542185 0.0043878
0.6180905 -0.0005963 0.0000781 0.0025556 0.0150663 0.2743346 0.0390301 0.2831191 0.3316519 0.0541643 0.0043863
0.6231156 -0.0005945 0.0000782 0.0025609 0.0150774 0.2743893 0.0389647 0.2831230 0.3316965 0.0541101 0.0043848
0.6281407 -0.0005926 0.0000783 0.0025661 0.0150885 0.2744440 0.0388994 0.2831270 0.3317408 0.0540559 0.0043833
0.6331658 -0.0005907 0.0000783 0.0025715 0.0150997 0.2744987 0.0388340 0.2831312 0.3317849 0.0540018 0.0043818
0.6381910 -0.0005888 0.0000784 0.0025768 0.0151108 0.2745535 0.0387687 0.2831356 0.3318286 0.0539477 0.0043802
0.6432161 -0.0005870 0.0000784 0.0025821 0.0151220 0.2746082 0.0387035 0.2831402 0.3318719 0.0538936 0.0043787
0.6482412 -0.0005851 0.0000785 0.0025875 0.0151331 0.2746631 0.0386382 0.2831451 0.3319150 0.0538396 0.0043772
0.6532663 -0.0005832 0.0000786 0.0025929 0.0151442 0.2747179 0.0385730 0.2831501 0.3319578 0.0537856 0.0043757
0.6582915 -0.0005814 0.0000786 0.0025983 0.0151554 0.2747728 0.0385079 0.2831554 0.3320002 0.0537316 0.0043742
0.6633166 -0.0005795 0.0000787 0.0026037 0.0151665 0.2748277 0.0384427 0.2831608 0.3320423 0.0536777 0.0043726
0.6683417 -0.0005776 0.0000787 0.0026091 0.0151777 0.2748826 0.0383776 0.2831664 0.3320841 0.0536237 0.0043711
0.6733668 -0.0005758 0.0000788 0.0026145 0.0151888 0.2749375 0.0383126 0.2831723 0.3321256 0.0535699 0.0043696
0.6783920 -0.0005739 0.0000788 0.0026200 0.0151999 0.2749925 0.0382475 0.2831784 0.3321668 0.0535160 0.0043680
0.6834171 -0.0005720 0.0000789 0.0026255 0.0152111 0.2750475 0.0381825 0.2831846 0.3322076 0.0534622 0.0043665
0.6884422 -0.0005702 0.0000789 0.0026310 0.0152222 0.2751026 0.0381176 0.2831911 0.3322481 0.0534085 0.0043649
0.6934673 -0.0005683 0.0000790 0.0026365 0.0152334 0.2751577 0.0380526 0.2831978 0.3322883 0.0533548 0.0043634
0.6984925 -0.0005665 0.0000791 0.0026420 0.0152445 0.2752128 0.0379878 0.2832046 0.3323282 0.0533011 0.0043618
0.7035176 -0.0005646 0.0000791 0.0026476 0.0152556 0.2752679 0.0379229 0.2832117 0.3323678 0.0532474 0.0043603
0.7085427 -0.0005627 0.0000792 0.0026531 0.0152668 0.2753230 0.0378581 0.2832190 0.3324070 0.0531938 0.0043587
0.7135678 -0.0005609 0.0000792 0.0026587 0.0152779 0.2753782 0.0377933 0.2832265 0.3324459 0.0531402 0.0043572
0.7185930 -0.0005590 0.0000793 0.0026643 0.0152890 0.2754334 0.0377286 0.2832342 0.3324845 0.0530866 0.0043556
0.7236181 -0.0005572 0.0000793 0.0026700 0.0153002 0.2754887 0.0376639 0.2832421 0.3325228 0.0530331 0.0043540
0.7286432 -0.0005553 0.0000794 0.0026756 0.0153113 0.2755440 0.0375992 0.2832502 0.3325608 0.0529796 0.0043525
0.7336683 -0.0005535 0.0000795 0.0026812 0.0153224 0.2755993 0.0375346 0.2832585 0.3325984 0.0529262 0.0043509
0.7386935 -0.0005516 0.0000795 0.0026869 0.0153336 0.2756546 0.0374700 0.2832670 0.3326357 0.0528728 0.0043493
0.7437186 -0.0005498 0.0000796 0.0026926 0.0153447 0.2757100 0.0374054 0.2832757 0.3326727 0.0528194 0.0043477
0.7487437 -0.0005479 0.0000796 0.0026983 0.0153558 0.2757654 0.0373409 0.2832846 0.3327094 0.0527660 0.0043462
0.7537688 -0.0005461 0.0000797 0.0027040 0.0153669 0.2758208 0.0372764 0.2832937 0.3327457 0.0527127 0.0043446
0.7587940 -0.0005442 0.0000797 0.0027098 0.0153781 0.2758762 0.0372120 0.2833030 0.3327818 0.0526595 0.0043430
0.7638191 -0.0005424 0.0000798 0.0027155 0.0153892 0.2759317 0.0371476 0.2833125 0.3328175 0.0526062 0.0043414
0.7688442 -0.0005405 0.0000798 0.0027213 0.0154003 0.2759872 0.0370832 0.2833222 0.3328529 0.0525531 0.0043398
0.7738693 -0.0005387 0.0000799 0.0027271 0.0154114 0.2760428 0.0370189 0.2833321 0.3328879 0.0524999 0.0043382
0.7788945 -0.0005368 0.0000799 0.0027329 0.0154225 0.2760983 0.0369546 0.2833422 0.3329226 0.0524468 0.0043366
0.7839196 -0.0005350 0.0000800 0.0027388 0.0154336 0.2761539 0.0368903 0.2833526 0.3329571 0.0523937 0.0043350
0.7889447 -0.0005331 0.0000801 0.0027446 0.0154447 0.2762096 0.0368261 0.2833631 0.3329911 0.0523407 0.0043334
0.7939698 -0.0005313 0.0000801 0.0027505 0.0154559 0.2762652 0.0367620 0.2833738 0.3330249 0.0522877 0.0043318
0.7989950 -0.0005294 0.0000802 0.0027564 0.0154670 0.2763209 0.0366979 0.2833847 0.3330583 0.0522347 0.0043302
0.8040201 -0.0005276 0.0000802 0.0027623 0.0154781 0.2763766 0.0366338 0.2833958 0.3330914 0.0521818 0.0043286
0.8090452 -0.0005258 0.0000803 0.0027682 0.0154892 0.2764324 0.0365697 0.2834072 0.3331242 0.0521289 0.0043270
0.8140704 -0.0005239 0.0000803 0.0027741 0.0155003 0.2764882 0.0365057 0.2834187 0.3331567 0.0520760 0.0043253
0.8190955 -0.0005221 0.0000804 0.0027801 0.0155113 0.2765440 0.0364418 0.2834304 0.3331888 0.0520232 0.0043237
0.8241206 -0.0005202 0.0000804 0.0027861 0.0155224 0.2765998 0.0363779 0.2834423 0.3332206 0.0519704 0.0043221
0.8291457 -0.0005184 0.0000805 0.0027921 0.0155335 0.2766557 0.0363140 0.2834544 0.3332521 0.0519177 0.0043205
0.8341709 -0.0005166 0.0000805 0.0027981 0.0155446 0.2767116 0.0362501 0.2834668 0.3332833 0.0518650 0.0043188
0.8391960 -0.0005147 0.0000806 0.0028041 0.0155557 0.2767675 0.0361864 0.2834793 0.3333141 0.0518123 0.0043172
0.8442211 -0.0005129 0.0000806 0.0028102 0.0155668 0.2768235 0.0361226 0.2834920 0.3333446 0.0517597 0.0043156
0.8492462 -0.0005111 0.0000807 0.0028163 0.0155779 0.2768794 0.0360589 0.2835049 0.3333748 0.0517071 0.0043139
0.8542714 -0.0005092 0.0000808 0.0028224 0.0155889 0.2769355 0.0359952 0.2835181 0.3334046 0.0516546 0.0043123
0.8592965 -0.0005074 0.0000808 0.0028285 0.0156000 0.2769915 0.0359316 0.2835314 0.3334341 0.0516021 0.0043106
0.8643216 -0.0005056 0.0000809 0.0028346 0.0156111 0.2770476 0.0358680 0.2835449 0.3334633 0.0515497 0.0043090
0.8693467 -0.0005038 0.0000809 0.0028407 0.0156221 0.2771037 0.0358045 0.2835586 0.3334922 0.0514972 0.0043073
0.8743719 -0.0005019 0.0000810 0.0028469 0.0156332 0.2771598 0.0357410 0.2835725 0.3335207 0.0514449 0.0043057
0.8793970 -0.0005001 0.0000810 0.0028531 0.0156442 0.2772160 0.0356776 0.2835866 0.3335489 0.0513925 0.0043040
0.8844221 -0.0004983 0.0000811 0.0028593 0.0156553 0.2772722 0.0356142 0.2836009 0.3335768 0.0513402 0.0043024
0.8894472 -0.0004965 0.0000811 0.0028655 0.0156663 0.2773284 0.0355508 0.2836154 0.3336044 0.0512880 0.0043007
0.8944724 -0.0004946 0.0000812 0.0028718 0.0156774 0.2773847 0.0354875 0.2836301 0.3336316 0.0512357 0.0042991
0.8994975 -0.0004928 0.0000812 0.0028780 0.0156884 0.2774409 0.0354243 0.2836450 0.3336585 0.0511836 0.0042974
0.9045226 -0.0004910 0.0000813 0.0028843 0.0156994 0.2774973 0.0353610 0.2836601 0.3336851 0.0511314 0.0042957
0.9095477 -0.0004892 0.0000813 0.0028906 0.0157105 0.2775536 0.0352979 0.2836754 0.3337113 0.0510793 0.0042940
0.9145729 -0.0004874 0.0000814 0.0028969 0.0157215 0.2776100 0.0352347 0.2836909 0.3337372 0.0510273 0.0042924
0.9195980 -0.0004856 0.0000814 0.0029033 0.0157325 0.2776664 0.0351717 0.2837066 0.3337628 0.0509753 0.0042907
0.9246231 -0.0004837 0.0000815 0.0029096 0.0157435 0.2777228 0.0351086 0.2837225 0.3337881 0.0509233 0.0042890
0.9296482 -0.0004819 0.0000815 0.0029160 0.0157545 0.2777793 0.0350456 0.2837386 0.3338130 0.0508714 0.0042873
0.9346734 -0.0004801 0.0000816 0.0029224 0.0157656 0.2778358 0.0349827 0.2837549 0.3338376 0.0508195 0.0042856
0.9396985 -0.0004783 0.0000816 0.0029288 0.0157766 0.2778923 0.0349198 0.2837713 0.3338618 0.0507677 0.0042840
0.9447236 -0.0004765 0.0000817 0.0029353 0.0157875 0.2779489 0.0348570 0.2837880 0.3338858 0.0507159 0.0042823
0.9497487 -0.0004747 0.0000817 0.0029417 0.0157985 0.2780055 0.0347942 0.2838049 0.3339094 0.0506641 0.0042806
0.9547739 -0.0004729 0.0000818 0.0029482 0.0158095 0.2780621 0.0347314 0.2838219 0.3339327 0.0506124 0.0042789
0.9597990 -0.0004711 0.0000818 0.0029547 0.0158205 0.2781187 0.0346687 0.2838392 0.3339556 0.0505607 0.0042772
0.9648241 -0.0004693 0.0000819 0.0029612 0.0158315 0.2781754 0.0346061 0.2838566 0.3339782 0.0505091 0.0042755
0.9698492 -0.0004675 0.0000819 0.0029678 0.0158425 0.2782321 0.0345434 0.2838743 0.3340005 0.0504575 0.0042738
0.9748744 -0.0004656 0.0000820 0.0029743 0.0158534 0.2782888 0.0344809 0.2838921 0.3340225 0.0504060 0.0042721
0.9798995 -0.0004638 0.0000820 0.0029809 0.0158644 0.2783456 0.0344184 0.2839101 0.3340441 0.0503545 0.0042703
0.9849246 -0.0004620 0.0000821 0.0029875 0.0158753 0.2784024 0.0343559 0.2839283 0.3340654 0.0503030 0.0042686
0.9899497 -0.0004602 0.0000821 0.0029941 0.0158863 0.2784592 0.0342935 0.2839467 0.3340864 0.0502516 0.0042669
0.9949749 -0.0004584 0.0000822 0.0030008 0.0158972 0.2785161 0.0342311 0.2839653 0.3341070 0.0502002 0.0042652
1.0000000 -0.0004566 0.0000822 0.0030074 0.0159082 0.2785730 0.0341688 0.2839841 0.3341273 0.0501489 0.0042635
