0.0000000 -0.0830687 0.0000704 0.0020208 0.0137243 0.2678187 0.0472333 0.2842175 0.3238972 0.0610177 0.0045459
0.0301508 -0.0819162 0.0000708 0.0020421 0.0137875 0.2681275 0.0468296 0.2840927 0.3243722 0.0606776 0.0045393
0.0603015 -0.0807638 0.0000712 0.0020639 0.0138509 0.2684371 0.0464260 0.2839750 0.3248381 0.0603378 0.0045326
0.0904523 -0.0796115 0.0000716 0.0020861 0.0139147 0.2687476 0.0460223 0.2838645 0.3252948 0.0599983 0.0045258
0.1206030 -0.0784596 0.0000720 0.0021088 0.0139788 0.2690590 0.0456188 0.2837612 0.3257421 0.0596593 0.0045189
0.1507538 -0.0773082 0.0000724 0.0021320 0.0140431 0.2693714 0.0452154 0.2836651 0.3261798 0.0593207 0.0045118
0.1809045 -0.0761574 0.0000728 0.0021556 0.0141078 0.2696846 0.0448123 0.2835764 0.3266079 0.0589826 0.0045046
0.2110553 -0.0750075 0.0000732 0.0021797 0.0141727 0.2699988 0.0444095 0.2834949 0.3270262 0.0586451 0.0044973
0.2412060 -0.0738584 0.0000736 0.0022043 0.0142378 0.2703139 0.0440070 0.2834208 0.3274345 0.0583081 0.0044898
0.2713568 -0.0727105 0.0000740 0.0022293 0.0143032 0.2706300 0.0436049 0.2833540 0.3278327 0.0579718 0.0044822
0.3015075 -0.0715637 0.0000743 0.0022549 0.0143688 0.2709470 0.0432033 0.2832947 0.3282208 0.0576362 0.0044745
0.3316583 -0.0704183 0.0000747 0.0022810 0.0144346 0.2712650 0.0428022 0.2832427 0.3285985 0.0573013 0.0044667
0.3618090 -0.0692745 0.0000751 0.0023076 0.0145006 0.2715839 0.0424018 0.2831981 0.3289659 0.0569672 0.0044587
0.3919598 -0.0681323 0.0000755 0.0023347 0.0145667 0.2719038 0.0420020 0.2831610 0.3293226 0.0566339 0.0044506
0.4221106 -0.0669919 0.0000758 0.0023623 0.0146330 0.2722246 0.0416028 0.2831312 0.3296687 0.0563014 0.0044424
0.4522613 -0.0658534 0.0000762 0.0023905 0.0146994 0.2725465 0.0412045 0.2831089 0.3300041 0.0559699 0.0044341
0.4824121 -0.0647170 0.0000766 0.0024192 0.0147659 0.2728693 0.0408070 0.2830941 0.3303286 0.0556393 0.0044257
0.5125628 -0.0635828 0.0000769 0.0024485 0.0148326 0.2731932 0.0404104 0.2830867 0.3306421 0.0553096 0.0044171
0.5427136 -0.0624509 0.0000773 0.0024784 0.0148993 0.2735180 0.0400147 0.2830867 0.3309446 0.0549810 0.0044085
0.5728643 -0.0613216 0.0000776 0.0025088 0.0149660 0.2738439 0.0396201 0.2830941 0.3312359 0.0546535 0.0043997
0.6030151 -0.0601948 0.0000780 0.0025398 0.0150328 0.2741708 0.0392265 0.2831090 0.3315160 0.0543271 0.0043908
0.6331658 -0.0590709 0.0000783 0.0025715 0.0150997 0.2744987 0.0388340 0.2831312 0.3317849 0.0540018 0.0043818
0.6633166 -0.0579498 0.0000787 0.0026037 0.0151665 0.2748277 0.0384427 0.2831608 0.3320423 0.0536777 0.0043726
0.6934673 -0.0568317 0.0000790 0.0026365 0.0152334 0.2751577 0.0380526 0.2831978 0.3322883 0.0533548 0.0043634
0.7236181 -0.0557168 0.0000793 0.0026700 0.0153002 0.2754887 0.0376639 0.2832421 0.3325228 0.0530331 0.0043540
0.7537688 -0.0546051 0.0000797 0.0027040 0.0153669 0.2758208 0.0372764 0.2832937 0.3327457 0.0527127 0.0043446
0.7839196 -0.0534969 0.0000800 0.0027388 0.0154336 0.2761539 0.0368903 0.2833526 0.3329571 0.0523937 0.0043350
0.8140704 -0.0523921 0.0000803 0.0027741 0.0155003 0.2764882 0.0365057 0.2834187 0.3331567 0.0520760 0.0043253
0.8442211 -0.0512911 0.0000806 0.0028102 0.0155668 0.2768235 0.0361226 0.2834920 0.3333446 0.0517597 0.0043156
0.8743719 -0.0501938 0.0000810 0.0028469 0.0156332 0.2771598 0.0357410 0.2835725 0.3335207 0.0514449 0.0043057
0.9045226 -0.0491003 0.0000813 0.0028843 0.0156994 0.2774973 0.0353610 0.2836601 0.3336851 0.0511314 0.0042957
0.9346734 -0.0480109 0.0000816 0.0029224 0.0157656 0.2778358 0.0349827 0.2837549 0.3338376 0.0508195 0.0042856
0.9648241 -0.0469256 0.0000819 0.0029612 0.0158315 0.2781754 0.0346061 0.2838566 0.3339782 0.0505091 0.0042755
0.9949749 -0.0458446 0.0000822 0.0030008 0.0158972 0.2785161 0.0342311 0.2839653 0.3341070 0.0502002 0.0042652
1.0251256 -0.0447678 0.0000825 0.0030410 0.0159628 0.2788579 0.0338580 0.2840810 0.3342239 0.0498929 0.0042548
1.0552764 -0.0436956 0.0000828 0.0030820 0.0160281 0.2792008 0.0334867 0.2842036 0.3343288 0.0495872 0.0042444
1.0854271 -0.0426279 0.0000831 0.0031238 0.0160931 0.2795447 0.0331173 0.2843329 0.3344219 0.0492831 0.0042338
1.1155779 -0.0415649 0.0000834 0.0031663 0.0161579 0.2798898 0.0327498 0.2844690 0.3345030 0.0489807 0.0042232
1.1457286 -0.0405066 0.0000836 0.0032096 0.0162225 0.2802359 0.0323843 0.2846118 0.3345722 0.0486799 0.0042125
1.1758794 -0.0394532 0.0000839 0.0032538 0.0162867 0.2805832 0.0320207 0.2847613 0.3346295 0.0483809 0.0042017
1.2060302 -0.0384048 0.0000842 0.0032987 0.0163506 0.2809315 0.0316593 0.2849173 0.3346749 0.0480836 0.0041908
1.2361809 -0.0373614 0.0000845 0.0033444 0.0164142 0.2812809 0.0312999 0.2850798 0.3347085 0.0477880 0.0041798
1.2663317 -0.0363232 0.0000847 0.0033910 0.0164774 0.2816314 0.0309426 0.2852486 0.3347301 0.0474942 0.0041688
1.2964824 -0.0352902 0.0000850 0.0034384 0.0165402 0.2819830 0.0305874 0.2854239 0.3347400 0.0472021 0.0041577
1.3266332 -0.0342626 0.0000853 0.0034866 0.0166027 0.2823356 0.0302345 0.2856054 0.3347380 0.0469119 0.0041465
1.3567839 -0.0332404 0.0000855 0.0035358 0.0166648 0.2826893 0.0298838 0.2857930 0.3347243 0.0466235 0.0041352
1.3869347 -0.0322238 0.0000858 0.0035858 0.0167264 0.2830441 0.0295354 0.2859868 0.3346988 0.0463369 0.0041239
1.4170854 -0.0312127 0.0000860 0.0036367 0.0167877 0.2833999 0.0291892 0.2861866 0.3346617 0.0460522 0.0041125
1.4472362 -0.0302073 0.0000862 0.0036886 0.0168484 0.2837567 0.0288454 0.2863922 0.3346129 0.0457694 0.0041010
1.4773869 -0.0292076 0.0000865 0.0037414 0.0169088 0.2841146 0.0285040 0.2866038 0.3345526 0.0454885 0.0040895
1.5075377 -0.0282137 0.0000867 0.0037951 0.0169686 0.2844735 0.0281649 0.2868210 0.3344807 0.0452095 0.0040779
1.5376884 -0.0272258 0.0000869 0.0038498 0.0170279 0.2848334 0.0278283 0.2870439 0.3343974 0.0449324 0.0040662
1.5678392 -0.0262438 0.0000872 0.0039055 0.0170868 0.2851943 0.0274941 0.2872724 0.3343026 0.0446572 0.0040545
1.5979899 -0.0252679 0.0000874 0.0039621 0.0171451 0.2855562 0.0271624 0.2875063 0.3341966 0.0443840 0.0040427
1.6281407 -0.0242980 0.0000876 0.0040198 0.0172029 0.2859190 0.0268331 0.2877456 0.3340793 0.0441127 0.0040309
1.6582915 -0.0233343 0.0000878 0.0040785 0.0172601 0.2862828 0.0265064 0.2879901 0.3339509 0.0438434 0.0040190
1.6884422 -0.0223769 0.0000880 0.0041382 0.0173167 0.2866475 0.0261823 0.2882398 0.3338113 0.0435761 0.0040071
1.7185930 -0.0214257 0.0000882 0.0041990 0.0173728 0.2870132 0.0258607 0.2884945 0.3336608 0.0433107 0.0039951
1.7487437 -0.0204808 0.0000884 0.0042609 0.0174283 0.2873797 0.0255417 0.2887542 0.3334994 0.0430474 0.0039831
1.7788945 -0.0195424 0.0000886 0.0043238 0.0174832 0.2877471 0.0252253 0.2890187 0.3333271 0.0427861 0.0039710
1.8090452 -0.0186103 0.0000888 0.0043879 0.0175375 0.2881153 0.0249115 0.2892880 0.3331442 0.0425267 0.0039589
1.8391960 -0.0176848 0.0000890 0.0044531 0.0175911 0.2884844 0.0246004 0.2895619 0.3329506 0.0422694 0.0039468
1.8693467 -0.0167658 0.0000892 0.0045194 0.0176442 0.2888543 0.0242919 0.2898403 0.3327466 0.0420141 0.0039346
1.8994975 -0.0158533 0.0000894 0.0045869 0.0176965 0.2892250 0.0239861 0.2901231 0.3325321 0.0417608 0.0039224
1.9296482 -0.0149475 0.0000896 0.0046556 0.0177483 0.2895964 0.0236830 0.2904102 0.3323073 0.0415096 0.0039101
1.9597990 -0.0140483 0.0000897 0.0047255 0.0177993 0.2899686 0.0233826 0.2907015 0.3320724 0.0412603 0.0038978
1.9899497 -0.0131559 0.0000899 0.0047966 0.0178497 0.2903415 0.0230849 0.2909968 0.3318274 0.0410132 0.0038855
2.0201005 -0.0122701 0.0000901 0.0048689 0.0178994 0.2907150 0.0227899 0.2912961 0.3315725 0.0407680 0.0038732
2.0502513 -0.0113911 0.0000902 0.0049425 0.0179484 0.2910892 0.0224977 0.2915992 0.3313078 0.0405249 0.0038608
2.0804020 -0.0105189 0.0000904 0.0050174 0.0179966 0.2914640 0.0222082 0.2919061 0.3310334 0.0402838 0.0038484
2.1105528 -0.0096534 0.0000905 0.0050936 0.0180442 0.2918394 0.0219215 0.2922165 0.3307495 0.0400448 0.0038360
2.1407035 -0.0087949 0.0000907 0.0051710 0.0180911 0.2922154 0.0216375 0.2925305 0.3304561 0.0398077 0.0038236
2.1708543 -0.0079431 0.0000908 0.0052499 0.0181372 0.2925919 0.0213563 0.2928477 0.3301534 0.0395728 0.0038112
2.2010050 -0.0070983 0.0000910 0.0053300 0.0181826 0.2929688 0.0210779 0.2931683 0.3298416 0.0393398 0.0037987
2.2311558 -0.0062603 0.0000911 0.0054116 0.0182273 0.2933462 0.0208022 0.2934919 0.3295208 0.0391089 0.0037863
2.2613065 -0.0054293 0.0000913 0.0054945 0.0182712 0.2937240 0.0205293 0.2938186 0.3291911 0.0388800 0.0037738
2.2914573 -0.0046051 0.0000914 0.0055789 0.0183143 0.2941022 0.0202592 0.2941481 0.3288527 0.0386532 0.0037613
2.3216080 -0.0037879 0.0000915 0.0056647 0.0183568 0.2944807 0.0199919 0.2944805 0.3285056 0.0384283 0.0037488
2.3517588 -0.0029777 0.0000916 0.0057520 0.0183984 0.2948595 0.0197273 0.2948154 0.3281502 0.0382055 0.0037363
2.3819095 -0.0021743 0.0000918 0.0058407 0.0184393 0.2952386 0.0194655 0.2951529 0.3277864 0.0379847 0.0037238
2.4120603 -0.0013780 0.0000919 0.0059310 0.0184794 0.2956179 0.0192065 0.2954928 0.3274145 0.0377659 0.0037113
2.4422111 -0.0005886 0.0000920 0.0060228 0.0185188 0.2959974 0.0189503 0.2958350 0.3270347 0.0375491 0.0036989
2.4723618 0.0001938 0.0000921 0.0061162 0.0185573 0.2963770 0.0186969 0.2961793 0.3266469 0.0373343 0.0036864
2.5025126 0.0009693 0.0000922 0.0062111 0.0185951 0.2967567 0.0184462 0.2965257 0.3262515 0.0371214 0.0036739
2.5326633 0.0017379 0.0000923 0.0063076 0.0186321 0.2971365 0.0181983 0.2968740 0.3258486 0.0369106 0.0036614
2.5628141 0.0024994 0.0000925 0.0064058 0.0186684 0.2975162 0.0179531 0.2972241 0.3254383 0.0367017 0.0036489
2.5929648 0.0032541 0.0000926 0.0065056 0.0187038 0.2978959 0.0177107 0.2975759 0.3250207 0.0364948 0.0036365
2.6231156 0.0040018 0.0000927 0.0066071 0.0187385 0.2982756 0.0174710 0.2979292 0.3245961 0.0362898 0.0036241
2.6532663 0.0047425 0.0000928 0.0067103 0.0187724 0.2986551 0.0172341 0.2982840 0.3241646 0.0360868 0.0036116
2.6834171 0.0054764 0.0000929 0.0068152 0.0188055 0.2990344 0.0169999 0.2986401 0.3237263 0.0358858 0.0035992
2.7135678 0.0062033 0.0000929 0.0069218 0.0188378 0.2994135 0.0167684 0.2989974 0.3232815 0.0356866 0.0035868
2.7437186 0.0069234 0.0000930 0.0070303 0.0188693 0.2997923 0.0165396 0.2993558 0.3228302 0.0354894 0.0035744
2.7738693 0.0076366 0.0000931 0.0071405 0.0189000 0.3001708 0.0163136 0.2997152 0.3223726 0.0352941 0.0035621
2.8040201 0.0083430 0.0000932 0.0072526 0.0189300 0.3005490 0.0160902 0.3000754 0.3219089 0.0351007 0.0035498
2.8341709 0.0090425 0.0000933 0.0073665 0.0189592 0.3009267 0.0158695 0.3004364 0.3214393 0.0349092 0.0035374
2.8643216 0.0097352 0.0000934 0.0074823 0.0189876 0.3013039 0.0156514 0.3007980 0.3209639 0.0347196 0.0035252
2.8944724 0.0104211 0.0000935 0.0076001 0.0190152 0.3016807 0.0154360 0.3011600 0.3204828 0.0345318 0.0035129
2.9246231 0.0111003 0.0000935 0.0077197 0.0190420 0.3020568 0.0152232 0.3015225 0.3199962 0.0343459 0.0035007
2.9547739 0.0117727 0.0000936 0.0078413 0.0190681 0.3024324 0.0150131 0.3018853 0.3195044 0.0341619 0.0034885
2.9849246 0.0124384 0.0000937 0.0079650 0.0190934 0.3028072 0.0148055 0.3022482 0.3190073 0.0339796 0.0034763
3.0150754 0.0130974 0.0000938 0.0080906 0.0191179 0.3031814 0.0146006 0.3026112 0.3185053 0.0337992 0.0034642
3.0452261 0.0137498 0.0000938 0.0082183 0.0191417 0.3035548 0.0143982 0.3029741 0.3179984 0.0336206 0.0034521
3.0753769 0.0143955 0.0000939 0.0083481 0.0191647 0.3039274 0.0141984 0.3033369 0.3174868 0.0334439 0.0034400
3.1055276 0.0150347 0.0000940 0.0084800 0.0191870 0.3042991 0.0140011 0.3036994 0.3169707 0.0332688 0.0034280
3.1356784 0.0156673 0.0000940 0.0086140 0.0192085 0.3046698 0.0138064 0.3040615 0.3164502 0.0330956 0.0034160
3.1658291 0.0162933 0.0000941 0.0087503 0.0192292 0.3050396 0.0136141 0.3044231 0.3159254 0.0329242 0.0034041
3.1959799 0.0169129 0.0000942 0.0088887 0.0192493 0.3054084 0.0134244 0.3047841 0.3153966 0.0327544 0.0033921
3.2261307 0.0175260 0.0000942 0.0090294 0.0192686 0.3057761 0.0132371 0.3051444 0.3148638 0.0325865 0.0033803
3.2562814 0.0181327 0.0000943 0.0091723 0.0192871 0.3061426 0.0130523 0.3055039 0.3143273 0.0324202 0.0033684
3.2864322 0.0187331 0.0000943 0.0093175 0.0193049 0.3065080 0.0128699 0.3058625 0.3137871 0.0322556 0.0033567
3.3165829 0.0193270 0.0000944 0.0094651 0.0193220 0.3068722 0.0126899 0.3062201 0.3132434 0.0320928 0.0033449
3.3467337 0.0199147 0.0000945 0.0096150 0.0193384 0.3072351 0.0125124 0.3065766 0.3126964 0.0319316 0.0033332
3.3768844 0.0204962 0.0000945 0.0097674 0.0193541 0.3075966 0.0123372 0.3069319 0.3121462 0.0317721 0.0033216
3.4070352 0.0210714 0.0000946 0.0099221 0.0193691 0.3079567 0.0121644 0.3072859 0.3115929 0.0316143 0.0033100
3.4371859 0.0216404 0.0000946 0.0100794 0.0193834 0.3083155 0.0119939 0.3076384 0.3110368 0.0314581 0.0032984
3.4673367 0.0222034 0.0000947 0.0102391 0.0193970 0.3086727 0.0118257 0.3079895 0.3104778 0.0313035 0.0032869
3.4974874 0.0227602 0.0000947 0.0104014 0.0194099 0.3090284 0.0116598 0.3083390 0.3099162 0.0311505 0.0032755
3.5276382 0.0233110 0.0000948 0.0105663 0.0194222 0.3093825 0.0114962 0.3086868 0.3093521 0.0309992 0.0032641
3.5577889 0.0238558 0.0000948 0.0107338 0.0194338 0.3097350 0.0113348 0.3090328 0.3087856 0.0308494 0.0032528
3.5879397 0.0243946 0.0000949 0.0109039 0.0194447 0.3100858 0.0111757 0.3093769 0.3082169 0.0307012 0.0032415
3.6180905 0.0249276 0.0000949 0.0110767 0.0194550 0.3104349 0.0110188 0.3097191 0.3076461 0.0305545 0.0032302
3.6482412 0.0254547 0.0000950 0.0112522 0.0194646 0.3107821 0.0108641 0.3100593 0.3070733 0.0304094 0.0032190
3.6783920 0.0259760 0.0000950 0.0114305 0.0194736 0.3111276 0.0107115 0.3103973 0.3064986 0.0302659 0.0032079
3.7085427 0.0264915 0.0000951 0.0116116 0.0194819 0.3114712 0.0105611 0.3107331 0.3059222 0.0301238 0.0031968
3.7386935 0.0270013 0.0000951 0.0117955 0.0194897 0.3118128 0.0104128 0.3110666 0.3053442 0.0299832 0.0031858
3.7688442 0.0275055 0.0000952 0.0119823 0.0194968 0.3121525 0.0102667 0.3113977 0.3047647 0.0298442 0.0031749
3.7989950 0.0280040 0.0000952 0.0121720 0.0195033 0.3124902 0.0101226 0.3117263 0.3041839 0.0297066 0.0031640
3.8291457 0.0284970 0.0000953 0.0123646 0.0195092 0.3128258 0.0099805 0.3120524 0.3036017 0.0295704 0.0031531
3.8592965 0.0289845 0.0000953 0.0125603 0.0195145 0.3131593 0.0098405 0.3123758 0.3030185 0.0294358 0.0031423
3.8894472 0.0294666 0.0000954 0.0127589 0.0195193 0.3134907 0.0097025 0.3126966 0.3024341 0.0293025 0.0031316
3.9195980 0.0299432 0.0000954 0.0129607 0.0195234 0.3138198 0.0095665 0.3130145 0.3018489 0.0291707 0.0031209
3.9497487 0.0304145 0.0000955 0.0131656 0.0195270 0.3141467 0.0094325 0.3133297 0.3012628 0.0290402 0.0031103
3.9798995 0.0308804 0.0000955 0.0133736 0.0195301 0.3144714 0.0093004 0.3136418 0.3006760 0.0289112 0.0030998
4.0100503 0.0313412 0.0000956 0.0135848 0.0195325 0.3147937 0.0091703 0.3139510 0.3000886 0.0287835 0.0030893
4.0402010 0.0317967 0.0000956 0.0137993 0.0195345 0.3151136 0.0090420 0.3142571 0.2995007 0.0286572 0.0030789
4.0703518 0.0322471 0.0000957 0.0140171 0.0195359 0.3154311 0.0089156 0.3145601 0.2989123 0.0285322 0.0030685
4.1005025 0.0326924 0.0000957 0.0142382 0.0195368 0.3157462 0.0087911 0.3148598 0.2983236 0.0284085 0.0030582
4.1306533 0.0331327 0.0000958 0.0144627 0.0195371 0.3160588 0.0086684 0.3151562 0.2977347 0.0282862 0.0030480
4.1608040 0.0335680 0.0000959 0.0146906 0.0195370 0.3163689 0.0085475 0.3154493 0.2971456 0.0281652 0.0030378
4.1909548 0.0339983 0.0000959 0.0149220 0.0195363 0.3166764 0.0084284 0.3157390 0.2965565 0.0280454 0.0030277
4.2211055 0.0344238 0.0000960 0.0151569 0.0195352 0.3169813 0.0083111 0.3160252 0.2959674 0.0279270 0.0030177
4.2512563 0.0348445 0.0000960 0.0153953 0.0195335 0.3172835 0.0081956 0.3163079 0.2953784 0.0278098 0.0030077
4.2814070 0.0352604 0.0000961 0.0156374 0.0195314 0.3175831 0.0080817 0.3165869 0.2947895 0.0276938 0.0029977
4.3115578 0.0356716 0.0000961 0.0158831 0.0195288 0.3178800 0.0079696 0.3168623 0.2942010 0.0275791 0.0029879
4.3417085 0.0360781 0.0000962 0.0161325 0.0195258 0.3181741 0.0078591 0.3171340 0.2936127 0.0274656 0.0029781
4.3718593 0.0364800 0.0000963 0.0163857 0.0195222 0.3184654 0.0077503 0.3174019 0.2930249 0.0273533 0.0029683
4.4020101 0.0368774 0.0000963 0.0166427 0.0195183 0.3187539 0.0076432 0.3176659 0.2924375 0.0272422 0.0029587
4.4321608 0.0372702 0.0000964 0.0169035 0.0195139 0.3190396 0.0075376 0.3179261 0.2918507 0.0271322 0.0029491
4.4623116 0.0376587 0.0000965 0.0171682 0.0195090 0.3193223 0.0074337 0.3181823 0.2912645 0.0270234 0.0029395
4.4924623 0.0380427 0.0000965 0.0174369 0.0195038 0.3196022 0.0073313 0.3184345 0.2906790 0.0269158 0.0029300
4.5226131 0.0384224 0.0000966 0.0177096 0.0194981 0.3198791 0.0072304 0.3186826 0.2900942 0.0268093 0.0029206
4.5527638 0.0387978 0.0000967 0.0179864 0.0194920 0.3201530 0.0071312 0.3189267 0.2895101 0.0267040 0.0029113
4.5829146 0.0391690 0.0000967 0.0182672 0.0194855 0.3204239 0.0070334 0.3191665 0.2889270 0.0265997 0.0029020
4.6130653 0.0395361 0.0000968 0.0185523 0.0194786 0.3206918 0.0069371 0.3194022 0.2883447 0.0264966 0.0028928
4.6432161 0.0398990 0.0000969 0.0188415 0.0194713 0.3209566 0.0068423 0.3196336 0.2877633 0.0263945 0.0028836
4.6733668 0.0402578 0.0000970 0.0191350 0.0194637 0.3212183 0.0067489 0.3198607 0.2871830 0.0262935 0.0028745
4.7035176 0.0406127 0.0000970 0.0194329 0.0194556 0.3214769 0.0066569 0.3200834 0.2866037 0.0261935 0.0028654
4.7336683 0.0409635 0.0000971 0.0197351 0.0194472 0.3217323 0.0065664 0.3203018 0.2860255 0.0260946 0.0028565
4.7638191 0.0413105 0.0000972 0.0200418 0.0194384 0.3219846 0.0064773 0.3205157 0.2854484 0.0259967 0.0028476
4.7939698 0.0416536 0.0000973 0.0203529 0.0194293 0.3222336 0.0063895 0.3207251 0.2848725 0.0258998 0.0028387
4.8241206 0.0419929 0.0000974 0.0206686 0.0194198 0.3224794 0.0063031 0.3209300 0.2842977 0.0258040 0.0028299
4.8542714 0.0423285 0.0000975 0.0209889 0.0194100 0.3227220 0.0062180 0.3211303 0.2837243 0.0257091 0.0028212
4.8844221 0.0426603 0.0000976 0.0213139 0.0193998 0.3229613 0.0061342 0.3213260 0.2831520 0.0256152 0.0028125
4.9145729 0.0429886 0.0000977 0.0216436 0.0193893 0.3231973 0.0060517 0.3215170 0.2825811 0.0255222 0.0028039
4.9447236 0.0433132 0.0000977 0.0219781 0.0193785 0.3234300 0.0059705 0.3217034 0.2820115 0.0254302 0.0027954
4.9748744 0.0436343 0.0000978 0.0223174 0.0193673 0.3236593 0.0058905 0.3218850 0.2814433 0.0253392 0.0027869
5.0050251 0.0439519 0.0000979 0.0226617 0.0193559 0.3238853 0.0058118 0.3220619 0.2808764 0.0252491 0.0027785
5.0351759 0.0442661 0.0000980 0.0230109 0.0193441 0.3241079 0.0057343 0.3222339 0.2803110 0.0251598 0.0027701
5.0653266 0.0445768 0.0000981 0.0233651 0.0193320 0.3243271 0.0056580 0.3224011 0.2797470 0.0250715 0.0027618
5.0954774 0.0448843 0.0000983 0.0237244 0.0193196 0.3245429 0.0055829 0.3225634 0.2791844 0.0249841 0.0027535
5.1256281 0.0451885 0.0000984 0.0240889 0.0193070 0.3247552 0.0055089 0.3227208 0.2786232 0.0248975 0.0027454
5.1557789 0.0454894 0.0000985 0.0244586 0.0192940 0.3249641 0.0054361 0.3228733 0.2780636 0.0248118 0.0027372
5.1859296 0.0457871 0.0000986 0.0248335 0.0192808 0.3251695 0.0053645 0.3230207 0.2775054 0.0247270 0.0027292
5.2160804 0.0460818 0.0000987 0.0252139 0.0192673 0.3253714 0.0052939 0.3231632 0.2769487 0.0246430 0.0027211
5.2462312 0.0463733 0.0000988 0.0255996 0.0192535 0.3255698 0.0052244 0.3233006 0.2763935 0.0245598 0.0027132
5.2763819 0.0466618 0.0000989 0.0259908 0.0192394 0.3257647 0.0051560 0.3234329 0.2758398 0.0244774 0.0027053
5.3065327 0.0469473 0.0000991 0.0263875 0.0192251 0.3259560 0.0050887 0.3235601 0.2752877 0.0243959 0.0026974
5.3366834 0.0472299 0.0000992 0.0267898 0.0192105 0.3261438 0.0050224 0.3236822 0.2747370 0.0243151 0.0026896
5.3668342 0.0475096 0.0000993 0.0271979 0.0191956 0.3263279 0.0049572 0.3237991 0.2741879 0.0242351 0.0026819
5.3969849 0.0477864 0.0000994 0.0276116 0.0191805 0.3265086 0.0048930 0.3239107 0.2736403 0.0241559 0.0026742
5.4271357 0.0480605 0.0000996 0.0280312 0.0191652 0.3266856 0.0048297 0.3240172 0.2730942 0.0240774 0.0026666
5.4572864 0.0483318 0.0000997 0.0284566 0.0191496 0.3268590 0.0047675 0.3241183 0.2725496 0.0239996 0.0026590
5.4874372 0.0486004 0.0000999 0.0288880 0.0191338 0.3270287 0.0047062 0.3242142 0.2720066 0.0239226 0.0026515
5.5175879 0.0488663 0.0001000 0.0293254 0.0191177 0.3271949 0.0046459 0.3243048 0.2714650 0.0238463 0.0026441
5.5477387 0.0491297 0.0001001 0.0297690 0.0191014 0.3273573 0.0045865 0.3243900 0.2709249 0.0237707 0.0026366
5.5778894 0.0493905 0.0001003 0.0302186 0.0190849 0.3275162 0.0045280 0.3244699 0.2703863 0.0236959 0.0026293
5.6080402 0.0496488 0.0001004 0.0306745 0.0190681 0.3276713 0.0044704 0.3245443 0.2698492 0.0236217 0.0026220
5.6381910 0.0499046 0.0001006 0.0311367 0.0190511 0.3278228 0.0044138 0.3246133 0.2693136 0.0235481 0.0026147
5.6683417 0.0501580 0.0001008 0.0316053 0.0190339 0.3279705 0.0043580 0.3246769 0.2687793 0.0234752 0.0026075
5.6984925 0.0504090 0.0001009 0.0320804 0.0190165 0.3281146 0.0043031 0.3247350 0.2682466 0.0234030 0.0026004
5.7286432 0.0506577 0.0001011 0.0325619 0.0189989 0.3282549 0.0042490 0.3247875 0.2677152 0.0233314 0.0025932
5.7587940 0.0509041 0.0001012 0.0330501 0.0189810 0.3283916 0.0041958 0.3248346 0.2671853 0.0232605 0.0025862
5.7889447 0.0511483 0.0001014 0.0335449 0.0189629 0.3285245 0.0041434 0.3248761 0.2666567 0.0231902 0.0025792
5.8190955 0.0513902 0.0001016 0.0340465 0.0189447 0.3286536 0.0040918 0.3249120 0.2661294 0.0231204 0.0025722
5.8492462 0.0516300 0.0001018 0.0345550 0.0189262 0.3287790 0.0040410 0.3249423 0.2656035 0.0230513 0.0025653
5.8793970 0.0518677 0.0001019 0.0350703 0.0189075 0.3289007 0.0039910 0.3249670 0.2650790 0.0229827 0.0025584
5.9095477 0.0521034 0.0001021 0.0355926 0.0188886 0.3290185 0.0039417 0.3249860 0.2645557 0.0229148 0.0025516
5.9396985 0.0523370 0.0001023 0.0361219 0.0188695 0.3291327 0.0038932 0.3249993 0.2640337 0.0228474 0.0025448
5.9698492 0.0525686 0.0001025 0.0366584 0.0188502 0.3292430 0.0038455 0.3250070 0.2635129 0.0227805 0.0025380
6.0000000 0.0527983 0.0001027 0.0372021 0.0188307 0.3293495 0.0037985 0.3250089 0.2629933 0.0227142 0.0025313
