0.0000000 -0.0008307 0.0000704 0.0020208 0.0137243 0.2678187 0.0472333 0.2842175 0.3238972 0.0610177 0.0045459
0.1005025 -0.0007923 0.0000718 0.0020937 0.0139360 0.2688513 0.0458878 0.2838292 0.3254449 0.0598853 0.0045235
0.2010050 -0.0007539 0.0000731 0.0021716 0.0141510 0.2698940 0.0445437 0.2835213 0.3268878 0.0587575 0.0044997
0.3015075 -0.0007156 0.0000743 0.0022549 0.0143688 0.2709470 0.0432033 0.2832947 0.3282208 0.0576362 0.0044745
0.4020101 -0.0006775 0.0000756 0.0023438 0.0145888 0.2720106 0.0418688 0.2831502 0.3294392 0.0565230 0.0044479
0.5025126 -0.0006396 0.0000768 0.0024387 0.0148103 0.2730851 0.0405425 0.2830883 0.3305388 0.0554194 0.0044200
0.6030151 -0.0006019 0.0000780 0.0025398 0.0150328 0.2741708 0.0392265 0.2831090 0.3315160 0.0543271 0.0043908
0.7035176 -0.0005646 0.0000791 0.0026476 0.0152556 0.2752679 0.0379229 0.2832117 0.3323678 0.0532474 0.0043603
0.8040201 -0.0005276 0.0000802 0.0027623 0.0154781 0.2763766 0.0366338 0.2833958 0.3330914 0.0521818 0.0043286
0.9045226 -0.0004910 0.0000813 0.0028843 0.0156994 0.2774973 0.0353610 0.2836601 0.3336851 0.0511314 0.0042957
1.0050251 -0.0004549 0.0000823 0.0030141 0.0159191 0.2786299 0.0341066 0.2840031 0.3341473 0.0500976 0.0042618
1.1055276 -0.0004192 0.0000833 0.0031521 0.0161364 0.2797746 0.0328721 0.2844229 0.3344773 0.0490813 0.0042268
1.2060302 -0.0003840 0.0000842 0.0032987 0.0163506 0.2809315 0.0316593 0.2849173 0.3346749 0.0480836 0.0041908
1.3065327 -0.0003495 0.0000851 0.0034544 0.0165611 0.2821004 0.0304695 0.2854837 0.3347406 0.0471052 0.0041540
1.4070352 -0.0003155 0.0000859 0.0036197 0.0167673 0.2832812 0.0293044 0.2861193 0.3346753 0.0461469 0.0041163
1.5075377 -0.0002821 0.0000867 0.0037951 0.0169686 0.2844735 0.0281649 0.2868210 0.3344807 0.0452095 0.0040779
1.6080402 -0.0002494 0.0000875 0.0039812 0.0171644 0.2856770 0.0270523 0.2875855 0.3341588 0.0442933 0.0040388
1.7085427 -0.0002174 0.0000882 0.0041786 0.0173542 0.2868912 0.0259676 0.2884091 0.3337122 0.0433990 0.0039991
1.8090452 -0.0001861 0.0000888 0.0043879 0.0175375 0.2881153 0.0249115 0.2892880 0.3331442 0.0425267 0.0039589
1.9095477 -0.0001555 0.0000894 0.0046097 0.0177139 0.2893487 0.0238848 0.2902183 0.3324583 0.0416768 0.0039183
2.0100503 -0.0001256 0.0000900 0.0048447 0.0178829 0.2905905 0.0228880 0.2911959 0.3316586 0.0408495 0.0038773
2.1105528 -0.0000965 0.0000905 0.0050936 0.0180442 0.2918394 0.0219215 0.2922165 0.3307495 0.0400448 0.0038360
2.2110553 -0.0000682 0.0000910 0.0053571 0.0181976 0.2930946 0.0209857 0.2932758 0.3297357 0.0392626 0.0037946
2.3115578 -0.0000406 0.0000915 0.0056359 0.0183427 0.2943545 0.0200807 0.2943694 0.3286223 0.0385030 0.0037530
2.4120603 -0.0000138 0.0000919 0.0059310 0.0184794 0.2956179 0.0192065 0.2954928 0.3274145 0.0377659 0.0037113
2.5125628 0.0000123 0.0000923 0.0062431 0.0186075 0.2968833 0.0183632 0.2966416 0.3261180 0.0370509 0.0036697
2.6130653 0.0000375 0.0000926 0.0065731 0.0187270 0.2981490 0.0175506 0.2978113 0.3247384 0.0363579 0.0036282
2.7135678 0.0000620 0.0000929 0.0069218 0.0188378 0.2994135 0.0167684 0.2989974 0.3232815 0.0356866 0.0035868
2.8140704 0.0000858 0.0000932 0.0072904 0.0189398 0.3006749 0.0160163 0.3001957 0.3217530 0.0350367 0.0035456
2.9145729 0.0001087 0.0000935 0.0076796 0.0190332 0.3019315 0.0152939 0.3014017 0.3201590 0.0344077 0.0035048
3.0150754 0.0001310 0.0000938 0.0080906 0.0191179 0.3031814 0.0146006 0.3026112 0.3185053 0.0337992 0.0034642
3.1155779 0.0001525 0.0000940 0.0085244 0.0191942 0.3044227 0.0139359 0.3038201 0.3167977 0.0332109 0.0034240
3.2160804 0.0001732 0.0000942 0.0089822 0.0192622 0.3056536 0.0132993 0.3050244 0.3150418 0.0326423 0.0033842
3.3165829 0.0001933 0.0000944 0.0094651 0.0193220 0.3068722 0.0126899 0.3062201 0.3132434 0.0320928 0.0033449
3.4170854 0.0002126 0.0000946 0.0099743 0.0193740 0.3080765 0.0121073 0.3074035 0.3114079 0.0315620 0.0033061
3.5175879 0.0002313 0.0000948 0.0105110 0.0194182 0.3092647 0.0115505 0.3085710 0.3095404 0.0310494 0.0032679
3.6180905 0.0002493 0.0000949 0.0110767 0.0194550 0.3104349 0.0110188 0.3097191 0.3076461 0.0305545 0.0032302
3.7185930 0.0002666 0.0000951 0.0116725 0.0194846 0.3115853 0.0105115 0.3108445 0.3057297 0.0300768 0.0031932
3.8190955 0.0002833 0.0000953 0.0123001 0.0195073 0.3127142 0.0100276 0.3119440 0.3037959 0.0296157 0.0031567
3.9195980 0.0002994 0.0000954 0.0129607 0.0195234 0.3138198 0.0095665 0.3130145 0.3018489 0.0291707 0.0031209
4.0201005 0.0003149 0.0000956 0.0136560 0.0195333 0.3149006 0.0091273 0.3140534 0.2998927 0.0287412 0.0030858
4.1206030 0.0003299 0.0000958 0.0143875 0.0195371 0.3159549 0.0087091 0.3150578 0.2979310 0.0283268 0.0030514
4.2211055 0.0003442 0.0000960 0.0151569 0.0195352 0.3169813 0.0083111 0.3160252 0.2959674 0.0279270 0.0030177
4.3216080 0.0003581 0.0000962 0.0159658 0.0195278 0.3179783 0.0079326 0.3169533 0.2940049 0.0275411 0.0029846
4.4221106 0.0003714 0.0000964 0.0168161 0.0195154 0.3189447 0.0075726 0.3178398 0.2920463 0.0271687 0.0029523
4.5226131 0.0003842 0.0000966 0.0177096 0.0194981 0.3198791 0.0072304 0.3186826 0.2900942 0.0268093 0.0029206
4.6231156 0.0003966 0.0000968 0.0186482 0.0194762 0.3207804 0.0069053 0.3194798 0.2881508 0.0264624 0.0028897
4.7236181 0.0004085 0.0000971 0.0196339 0.0194501 0.3216475 0.0065964 0.3202295 0.2862181 0.0261274 0.0028595
4.8241206 0.0004199 0.0000974 0.0206686 0.0194198 0.3224794 0.0063031 0.3209300 0.2842977 0.0258040 0.0028299
4.9246231 0.0004310 0.0000977 0.0217546 0.0193857 0.3232752 0.0060245 0.3215797 0.2823911 0.0254915 0.0028011
5.0251256 0.0004416 0.0000980 0.0228939 0.0193481 0.3240341 0.0057600 0.3221771 0.2804993 0.0251895 0.0027729
5.1256281 0.0004519 0.0000984 0.0240889 0.0193070 0.3247552 0.0055089 0.3227208 0.2786232 0.0248975 0.0027454
5.2261307 0.0004618 0.0000987 0.0253418 0.0192627 0.3254379 0.0052706 0.3232096 0.2767635 0.0246152 0.0027185
5.3266332 0.0004714 0.0000991 0.0266551 0.0192154 0.3260816 0.0050444 0.3236421 0.2749204 0.0243419 0.0026922
5.4271357 0.0004806 0.0000996 0.0280312 0.0191652 0.3266856 0.0048297 0.3240172 0.2730942 0.0240774 0.0026666
5.5276382 0.0004895 0.0001001 0.0294726 0.0191123 0.3272494 0.0046260 0.3243338 0.2712848 0.0238211 0.0026416
5.6281407 0.0004982 0.0001005 0.0309820 0.0190568 0.3277727 0.0044326 0.3245909 0.2694919 0.0235726 0.0026171
5.7286432 0.0005066 0.0001011 0.0325619 0.0189989 0.3282549 0.0042490 0.3247875 0.2677152 0.0233314 0.0025932
5.8291457 0.0005147 0.0001016 0.0342152 0.0189385 0.3286958 0.0040747 0.3249227 0.2659540 0.0230973 0.0025699
5.9296482 0.0005226 0.0001022 0.0359447 0.0188759 0.3290950 0.0039093 0.3249955 0.2642075 0.0228698 0.0025470
6.0301508 0.0005303 0.0001029 0.0377531 0.0188111 0.3294523 0.0037522 0.3250051 0.2624749 0.0226484 0.0025247
6.1306533 0.0005377 0.0001036 0.0396435 0.0187441 0.3297673 0.0036031 0.3249507 0.2607551 0.0224328 0.0025028
6.2311558 0.0005450 0.0001043 0.0416187 0.0186750 0.3300399 0.0034614 0.3248314 0.2590469 0.0222226 0.0024813
6.3316583 0.0005521 0.0001050 0.0436817 0.0186038 0.3302698 0.0033267 0.3246464 0.2573490 0.0220175 0.0024603
6.4321608 0.0005590 0.0001058 0.0458357 0.0185306 0.3304569 0.0031988 0.3243949 0.2556602 0.0218171 0.0024397
6.5326633 0.0005658 0.0001066 0.0480837 0.0184553 0.3306011 0.0030772 0.3240762 0.2539788 0.0216210 0.0024194
6.6331658 0.0005724 0.0001075 0.0504289 0.0183780 0.3307022 0.0029616 0.3236895 0.2523035 0.0214288 0.0023995
6.7336683 0.0005790 0.0001084 0.0528742 0.0182987 0.3307600 0.0028516 0.3232341 0.2506327 0.0212403 0.0023798
6.8341709 0.0005854 0.0001093 0.0554230 0.0182173 0.3307745 0.0027469 0.3227092 0.2489646 0.0210552 0.0023605
6.9346734 0.0005917 0.0001103 0.0580782 0.0181338 0.3307456 0.0026473 0.3221142 0.2472976 0.0208730 0.0023415
7.0351759 0.0005979 0.0001113 0.0608432 0.0180483 0.3306732 0.0025525 0.3214482 0.2456300 0.0206935 0.0023227
7.1356784 0.0006040 0.0001123 0.0637208 0.0179606 0.3305572 0.0024621 0.3207106 0.2439600 0.0205165 0.0023041
7.2361809 0.0006101 0.0001134 0.0667142 0.0178707 0.3303976 0.0023760 0.3199007 0.2422860 0.0203415 0.0022857
7.3366834 0.0006162 0.0001145 0.0698265 0.0177785 0.3301942 0.0022938 0.3190180 0.2406061 0.0201683 0.0022675
7.4371859 0.0006222 0.0001156 0.0730605 0.0176842 0.3299472 0.0022155 0.3180616 0.2389187 0.0199967 0.0022494
7.5376884 0.0006281 0.0001168 0.0764191 0.0175875 0.3296564 0.0021407 0.3170312 0.2372220 0.0198264 0.0022314
7.6381910 0.0006340 0.0001180 0.0799051 0.0174884 0.3293219 0.0020693 0.3159260 0.2355143 0.0196570 0.0022136
7.7386935 0.0006400 0.0001192 0.0835211 0.0173869 0.3289437 0.0020010 0.3147456 0.2337940 0.0194885 0.0021958
7.8391960 0.0006459 0.0001204 0.0872696 0.0172829 0.3285218 0.0019357 0.3134896 0.2320595 0.0193205 0.0021781
7.9396985 0.0006518 0.0001217 0.0911529 0.0171764 0.3280562 0.0018733 0.3121574 0.2303092 0.0191528 0.0021604
8.0402010 0.0006577 0.0001230 0.0951732 0.0170674 0.3275471 0.0018135 0.3107489 0.2285416 0.0189853 0.0021427
8.1407035 0.0006636 0.0001243 0.0993325 0.0169557 0.3269946 0.0017562 0.3092637 0.2267553 0.0188176 0.0021251
8.2412060 0.0006696 0.0001256 0.1036325 0.0168413 0.3263989 0.0017013 0.3077016 0.2249491 0.0186497 0.0021074
8.3417085 0.0006756 0.0001270 0.1080746 0.0167243 0.3257601 0.0016486 0.3060626 0.2231216 0.0184813 0.0020896
8.4422111 0.0006816 0.0001283 0.1126601 0.0166045 0.3250784 0.0015981 0.3043467 0.2212717 0.0183123 0.0020719
8.5427136 0.0006877 0.0001297 0.1173899 0.0164819 0.3243542 0.0015495 0.3025540 0.2193983 0.0181425 0.0020540
8.6432161 0.0006938 0.0001310 0.1222646 0.0163565 0.3235878 0.0015028 0.3006848 0.2175006 0.0179718 0.0020361
8.7437186 0.0007000 0.0001324 0.1272845 0.0162282 0.3227796 0.0014579 0.2987395 0.2155777 0.0178001 0.0020181
8.8442211 0.0007062 0.0001337 0.1324495 0.0160972 0.3219301 0.0014147 0.2967186 0.2136290 0.0176272 0.0020000
8.9447236 0.0007125 0.0001350 0.1377591 0.0159633 0.3210397 0.0013731 0.2946228 0.2116539 0.0174531 0.0019817
9.0452261 0.0007188 0.0001363 0.1432125 0.0158266 0.3201091 0.0013330 0.2924528 0.2096520 0.0172777 0.0019634
9.1457286 0.0007252 0.0001376 0.1488083 0.0156871 0.3191389 0.0012943 0.2902099 0.2076231 0.0171008 0.0019449
9.2462312 0.0007317 0.0001389 0.1545448 0.0155448 0.3181298 0.0012570 0.2878951 0.2055671 0.0169225 0.0019262
9.3467337 0.0007382 0.0001401 0.1604199 0.0153997 0.3170828 0.0012210 0.2855097 0.2034840 0.0167427 0.0019074
9.4472362 0.0007448 0.0001413 0.1664309 0.0152519 0.3159987 0.0011862 0.2830555 0.2013741 0.0165614 0.0018885
9.5477387 0.0007515 0.0001425 0.1725747 0.0151015 0.3148785 0.0011525 0.2805341 0.1992377 0.0163785 0.0018694
9.6482412 0.0007582 0.0001436 0.1788477 0.0149485 0.3137232 0.0011200 0.2779474 0.1970754 0.0161942 0.0018502
9.7487437 0.0007650 0.0001447 0.1852458 0.0147929 0.3125341 0.0010885 0.2752977 0.1948879 0.0160083 0.0018308
9.8492462 0.0007718 0.0001458 0.1917645 0.0146350 0.3113124 0.0010580 0.2725872 0.1926761 0.0158210 0.0018113
9.9497487 0.0007788 0.0001467 0.1983987 0.0144747 0.3100594 0.0010285 0.2698186 0.1904410 0.0156323 0.0017916
10.0502513 0.0007857 0.0001477 0.2051428 0.0143122 0.3087767 0.0010000 0.2669945 0.1881839 0.0154422 0.0017718
10.1507538 0.0007928 0.0001485 0.2119910 0.0141477 0.3074657 0.0009723 0.2641180 0.1859060 0.0152509 0.0017519
10.2512563 0.0007998 0.0001493 0.2189367 0.0139812 0.3061280 0.0009454 0.2611921 0.1836089 0.0150585 0.0017318
10.3517588 0.0008070 0.0001500 0.2259730 0.0138129 0.3047653 0.0009194 0.2582201 0.1812943 0.0148650 0.0017116
10.4522613 0.0008141 0.0001507 0.2330928 0.0136429 0.3033794 0.0008942 0.2552056 0.1789640 0.0146705 0.0016914
10.5527638 0.0008213 0.0001513 0.2402882 0.0134715 0.3019722 0.0008697 0.2521521 0.1766198 0.0144753 0.0016710
10.6532663 0.0008286 0.0001518 0.2475514 0.0132987 0.3005455 0.0008460 0.2490634 0.1742639 0.0142794 0.0016505
10.7537688 0.0008358 0.0001522 0.2548738 0.0131248 0.2991013 0.0008229 0.2459435 0.1718984 0.0140830 0.0016300
10.8542714 0.0008431 0.0001526 0.2622470 0.0129500 0.2976416 0.0008006 0.2427964 0.1695256 0.0138863 0.0016095
10.9547739 0.0008504 0.0001528 0.2696620 0.0127744 0.2961685 0.0007789 0.2396262 0.1671478 0.0136894 0.0015889
11.0552764 0.0008577 0.0001530 0.2771096 0.0125982 0.2946841 0.0007579 0.2364371 0.1647674 0.0134926 0.0015683
11.1557789 0.0008650 0.0001531 0.2845808 0.0124217 0.2931906 0.0007376 0.2332333 0.1623870 0.0132959 0.0015477
11.2562814 0.0008722 0.0001532 0.2920660 0.0122451 0.2916900 0.0007178 0.2300193 0.1600090 0.0130997 0.0015271
11.3567839 0.0008795 0.0001531 0.2995559 0.0120685 0.2901845 0.0006987 0.2267994 0.1576360 0.0129040 0.0015066
11.4572864 0.0008867 0.0001530 0.3070409 0.0118922 0.2886763 0.0006801 0.2235778 0.1552705 0.0127091 0.0014861
11.5577889 0.0008939 0.0001528 0.3145117 0.0117164 0.2871676 0.0006621 0.2203589 0.1529153 0.0125152 0.0014658
11.6582915 0.0009011 0.0001525 0.3219588 0.0115413 0.2856604 0.0006447 0.2171471 0.1505727 0.0123225 0.0014455
11.7587940 0.0009082 0.0001521 0.3293731 0.0113671 0.2841568 0.0006278 0.2139465 0.1482454 0.0121312 0.0014253
11.8592965 0.0009153 0.0001517 0.3367454 0.0111940 0.2826590 0.0006115 0.2107612 0.1459358 0.0119414 0.0014053
11.9597990 0.0009223 0.0001512 0.3440669 0.0110221 0.2811688 0.0005957 0.2075954 0.1436464 0.0117534 0.0013854
12.0603015 0.0009292 0.0001506 0.3513289 0.0108518 0.2796884 0.0005804 0.2044530 0.1413796 0.0115673 0.0013657
12.1608040 0.0009360 0.0001500 0.3585232 0.0106831 0.2782195 0.0005656 0.2013377 0.1391376 0.0113833 0.0013462
12.2613065 0.0009428 0.0001493 0.3656416 0.0105163 0.2767639 0.0005513 0.1982532 0.1369227 0.0112016 0.0013270
12.3618090 0.0009495 0.0001486 0.3726765 0.0103516 0.2753235 0.0005375 0.1952030 0.1347369 0.0110224 0.0013079
12.4623116 0.0009561 0.0001478 0.3796208 0.0101890 0.2738998 0.0005241 0.1921905 0.1325822 0.0108458 0.0012891
12.5628141 0.0009626 0.0001470 0.3864674 0.0100287 0.2724944 0.0005112 0.1892187 0.1304606 0.0106719 0.0012706
12.6633166 0.0009689 0.0001461 0.3932100 0.0098710 0.2711088 0.0004988 0.1862906 0.1283737 0.0105010 0.0012524
12.7638191 0.0009752 0.0001452 0.3998427 0.0097158 0.2697443 0.0004868 0.1834088 0.1263232 0.0103330 0.0012344
12.8643216 0.0009814 0.0001442 0.4063599 0.0095635 0.2684023 0.0004752 0.1805760 0.1243106 0.0101682 0.0012167
12.9648241 0.0009874 0.0001433 0.4127566 0.0094139 0.2670837 0.0004641 0.1777945 0.1223372 0.0100066 0.0011994
13.0653266 0.0009933 0.0001423 0.4190283 0.0092674 0.2657898 0.0004533 0.1750662 0.1204043 0.0098484 0.0011824
13.1658291 0.0009991 0.0001412 0.4251709 0.0091239 0.2645215 0.0004430 0.1723931 0.1185128 0.0096936 0.0011658
13.2663317 0.0010047 0.0001402 0.4311808 0.0089835 0.2632795 0.0004330 0.1697769 0.1166638 0.0095423 0.0011494
13.3668342 0.0010102 0.0001391 0.4370550 0.0088463 0.2620647 0.0004234 0.1672189 0.1148580 0.0093945 0.0011335
13.4673367 0.0010156 0.0001380 0.4427908 0.0087124 0.2608776 0.0004142 0.1647205 0.1130962 0.0092504 0.0011179
13.5678392 0.0010209 0.0001369 0.4483861 0.0085817 0.2597188 0.0004053 0.1622825 0.1113787 0.0091099 0.0011027
13.6683417 0.0010260 0.0001358 0.4538392 0.0084544 0.2585888 0.0003968 0.1599059 0.1097060 0.0089731 0.0010878
13.7688442 0.0010310 0.0001347 0.4591488 0.0083305 0.2574878 0.0003886 0.1575913 0.1080784 0.0088399 0.0010733
13.8693467 0.0010358 0.0001336 0.4643140 0.0082100 0.2564161 0.0003807 0.1553390 0.1064960 0.0087105 0.0010592
13.9698492 0.0010405 0.0001325 0.4693344 0.0080928 0.2553739 0.0003732 0.1531494 0.1049589 0.0085848 0.0010455
14.0703518 0.0010451 0.0001315 0.4742100 0.0079791 0.2543612 0.0003659 0.1510225 0.1034670 0.0084628 0.0010322
14.1708543 0.0010495 0.0001304 0.4789410 0.0078687 0.2533781 0.0003590 0.1489583 0.1020200 0.0083445 0.0010192
14.2713568 0.0010538 0.0001293 0.4835280 0.0077617 0.2524245 0.0003523 0.1469565 0.1006178 0.0082298 0.0010067
14.3718593 0.0010579 0.0001282 0.4879720 0.0076581 0.2515002 0.0003459 0.1450168 0.0992599 0.0081188 0.0009945
14.4723618 0.0010620 0.0001272 0.4922743 0.0075578 0.2506050 0.0003398 0.1431387 0.0979459 0.0080113 0.0009826
14.5728643 0.0010659 0.0001262 0.4964363 0.0074607 0.2497386 0.0003339 0.1413215 0.0966753 0.0079075 0.0009712
14.6733668 0.0010696 0.0001252 0.5004598 0.0073669 0.2489008 0.0003283 0.1395645 0.0954475 0.0078071 0.0009601
14.7738693 0.0010732 0.0001242 0.5043467 0.0072763 0.2480911 0.0003229 0.1378669 0.0942618 0.0077101 0.0009494
14.8743719 0.0010767 0.0001232 0.5080993 0.0071888 0.2473092 0.0003178 0.1362278 0.0931175 0.0076166 0.0009390
14.9748744 0.0010801 0.0001222 0.5117198 0.0071044 0.2465545 0.0003129 0.1346461 0.0920138 0.0075263 0.0009290
15.0753769 0.0010834 0.0001213 0.5152109 0.0070230 0.2458265 0.0003081 0.1331209 0.0909500 0.0074394 0.0009193
15.1758794 0.0010865 0.0001204 0.5185750 0.0069446 0.2451249 0.0003036 0.1316509 0.0899251 0.0073556 0.0009100
15.2763819 0.0010895 0.0001195 0.5218152 0.0068690 0.2444489 0.0002993 0.1302349 0.0889383 0.0072749 0.0009010
15.3768844 0.0010924 0.0001187 0.5249341 0.0067964 0.2437980 0.0002952 0.1288718 0.0879887 0.0071973 0.0008924
15.4773869 0.0010952 0.0001178 0.5279347 0.0067264 0.2431717 0.0002912 0.1275603 0.0870753 0.0071226 0.0008840
15.5778894 0.0010979 0.0001170 0.5308201 0.0066592 0.2425692 0.0002875 0.1262990 0.0861972 0.0070508 0.0008760
15.6783920 0.0011005 0.0001162 0.5335934 0.0065945 0.2419901 0.0002839 0.1250866 0.0853535 0.0069818 0.0008682
15.7788945 0.0011030 0.0001154 0.5362576 0.0065325 0.2414336 0.0002804 0.1239218 0.0845431 0.0069156 0.0008608
15.8793970 0.0011054 0.0001147 0.5388159 0.0064728 0.2408991 0.0002772 0.1228032 0.0837651 0.0068520 0.0008537
15.9798995 0.0011077 0.0001140 0.5412715 0.0064156 0.2403860 0.0002740 0.1217295 0.0830184 0.0067910 0.0008468
16.0804020 0.0011099 0.0001133 0.5436275 0.0063607 0.2398936 0.0002710 0.1206992 0.0823023 0.0067324 0.0008402
16.1809045 0.0011120 0.0001126 0.5458870 0.0063081 0.2394213 0.0002682 0.1197111 0.0816155 0.0066763 0.0008339
16.2814070 0.0011140 0.0001120 0.5480532 0.0062576 0.2389684 0.0002655 0.1187637 0.0809572 0.0066225 0.0008278
16.3819095 0.0011159 0.0001113 0.5501292 0.0062092 0.2385343 0.0002629 0.1178557 0.0803265 0.0065709 0.0008219
16.4824121 0.0011178 0.0001107 0.5521179 0.0061629 0.2381184 0.0002604 0.1169858 0.0797223 0.0065215 0.0008163
16.5829146 0.0011195 0.0001102 0.5540226 0.0061185 0.2377200 0.0002580 0.1161527 0.0791438 0.0064742 0.0008110
16.6834171 0.0011212 0.0001096 0.5558460 0.0060760 0.2373386 0.0002558 0.1153550 0.0785900 0.0064289 0.0008058
16.7839196 0.0011229 0.0001091 0.5575912 0.0060354 0.2369735 0.0002536 0.1145916 0.0780601 0.0063856 0.0008009
16.8844221 0.0011244 0.0001085 0.5592611 0.0059965 0.2366241 0.0002516 0.1138610 0.0775531 0.0063442 0.0007962
16.9849246 0.0011259 0.0001080 0.5608583 0.0059592 0.2362898 0.0002496 0.1131622 0.0770682 0.0063045 0.0007917
17.0854271 0.0011273 0.0001076 0.5623857 0.0059237 0.2359702 0.0002477 0.1124940 0.0766046 0.0062666 0.0007874
17.1859296 0.0011287 0.0001071 0.5638459 0.0058896 0.2356645 0.0002460 0.1118551 0.0761614 0.0062304 0.0007832
17.2864322 0.0011300 0.0001067 0.5652416 0.0058571 0.2353724 0.0002443 0.1112444 0.0757378 0.0061958 0.0007793
17.3869347 0.0011312 0.0001062 0.5665753 0.0058261 0.2350931 0.0002427 0.1106608 0.0753331 0.0061627 0.0007755
17.4874372 0.0011324 0.0001058 0.5678495 0.0057964 0.2348264 0.0002411 0.1101032 0.0749465 0.0061311 0.0007719
17.5879397 0.0011335 0.0001054 0.5690665 0.0057680 0.2345716 0.0002397 0.1095707 0.0745773 0.0061009 0.0007684
17.6884422 0.0011346 0.0001051 0.5702287 0.0057409 0.2343282 0.0002383 0.1090621 0.0742247 0.0060721 0.0007651
17.7889447 0.0011356 0.0001047 0.5713383 0.0057151 0.2340958 0.0002369 0.1085765 0.0738881 0.0060446 0.0007620
17.8894472 0.0011366 0.0001044 0.5723975 0.0056904 0.2338740 0.0002357 0.1081129 0.0735668 0.0060183 0.0007589
17.9899497 0.0011376 0.0001040 0.5734085 0.0056669 0.2336622 0.0002345 0.1076705 0.0732602 0.0059932 0.0007561
18.0904523 0.0011385 0.0001037 0.5743732 0.0056444 0.2334602 0.0002333 0.1072483 0.0729676 0.0059693 0.0007533
18.1909548 0.0011393 0.0001034 0.5752936 0.0056230 0.2332674 0.0002322 0.1068455 0.0726885 0.0059465 0.0007507
18.2914573 0.0011401 0.0001031 0.5761716 0.0056025 0.2330834 0.0002312 0.1064612 0.0724222 0.0059247 0.0007482
18.3919598 0.0011409 0.0001029 0.5770091 0.0055830 0.2329080 0.0002302 0.1060946 0.0721683 0.0059040 0.0007458
18.4924623 0.0011417 0.0001026 0.5778078 0.0055644 0.2327406 0.0002293 0.1057450 0.0719261 0.0058842 0.0007435
18.5929648 0.0011424 0.0001024 0.5785694 0.0055467 0.2325811 0.0002284 0.1054117 0.0716952 0.0058653 0.0007413
18.6934673 0.0011430 0.0001021 0.5792956 0.0055297 0.2324289 0.0002275 0.1050938 0.0714751 0.0058473 0.0007393
18.7939698 0.0011437 0.0001019 0.5799878 0.0055136 0.2322839 0.0002267 0.1047908 0.0712652 0.0058301 0.0007373
18.8944724 0.0011443 0.0001017 0.5806476 0.0054982 0.2321456 0.0002259 0.1045020 0.0710652 0.0058138 0.0007354
18.9949749 0.0011449 0.0001015 0.5812765 0.0054836 0.2320138 0.0002252 0.1042267 0.0708746 0.0057982 0.0007336
19.0954774 0.0011454 0.0001013 0.5818758 0.0054696 0.2318882 0.0002245 0.1039644 0.0706929 0.0057833 0.0007319
19.1959799 0.0011460 0.0001011 0.5824469 0.0054563 0.2317685 0.0002238 0.1037144 0.0705198 0.0057692 0.0007302
19.2964824 0.0011465 0.0001009 0.5829910 0.0054437 0.2316545 0.0002232 0.1034762 0.0703549 0.0057557 0.0007287
19.3969849 0.0011470 0.0001007 0.5835094 0.0054316 0.2315458 0.0002226 0.1032493 0.0701977 0.0057429 0.0007272
19.4974874 0.0011474 0.0001006 0.5840033 0.0054201 0.2314423 0.0002220 0.1030331 0.0700481 0.0057306 0.0007258
19.5979899 0.0011478 0.0001004 0.5844737 0.0054091 0.2313437 0.0002214 0.1028272 0.0699055 0.0057190 0.0007244
19.6984925 0.0011483 0.0001002 0.5849218 0.0053987 0.2312498 0.0002209 0.1026310 0.0697697 0.0057079 0.0007231
19.7989950 0.0011487 0.0001001 0.5853485 0.0053888 0.2311603 0.0002204 0.1024442 0.0696404 0.0056973 0.0007219
19.8994975 0.0011490 0.0001000 0.5857549 0.0053793 0.2310751 0.0002199 0.1022663 0.0695172 0.0056872 0.0007207
20.0000000 0.0011494 0.0000998 0.5861419 0.0053703 0.2309940 0.0002195 0.1020969 0.0694000 0.0056776 0.0007196
