0.0000000 0.0000000 0.0001000 0.0018961 0.0443715 0.2664617 0.0443715 0.2664617 0.2875056 0.0888319 0.0052728
0.0402010 0.0000268 0.0001000 0.0018963 0.0449093 0.2673085 0.0438336 0.2656302 0.2874904 0.0888317 0.0052727
0.0804020 0.0000536 0.0001000 0.0018972 0.0454465 0.2681707 0.0432956 0.2648142 0.2874449 0.0888310 0.0052723
0.1206030 0.0000803 0.0000999 0.0018987 0.0459830 0.2690480 0.0427579 0.2640137 0.2873690 0.0888297 0.0052716
0.1608040 0.0001071 0.0000999 0.0019007 0.0465186 0.2699404 0.0422207 0.2632288 0.2872629 0.0888280 0.0052706
0.2010050 0.0001338 0.0000999 0.0019034 0.0470530 0.2708478 0.0416841 0.2624595 0.2871267 0.0888257 0.0052694
0.2412060 0.0001605 0.0000998 0.0019066 0.0475859 0.2717699 0.0411484 0.2617058 0.2869606 0.0888230 0.0052679
0.2814070 0.0001871 0.0000998 0.0019104 0.0481172 0.2727066 0.0406139 0.2609678 0.2867646 0.0888197 0.0052661
0.3216080 0.0002137 0.0000997 0.0019148 0.0486466 0.2736577 0.0400808 0.2602455 0.2865390 0.0888159 0.0052640
0.3618090 0.0002403 0.0000996 0.0019198 0.0491739 0.2746231 0.0395492 0.2595387 0.2862840 0.0888115 0.0052617
0.4020101 0.0002668 0.0000995 0.0019254 0.0496989 0.2756025 0.0390195 0.2588475 0.2860000 0.0888066 0.0052591
0.4422111 0.0002932 0.0000994 0.0019316 0.0502213 0.2765957 0.0384918 0.2581719 0.2856871 0.0888012 0.0052563
0.4824121 0.0003196 0.0000993 0.0019384 0.0507409 0.2776025 0.0379663 0.2575117 0.2853458 0.0887951 0.0052532
0.5226131 0.0003459 0.0000992 0.0019458 0.0512574 0.2786225 0.0374432 0.2568669 0.2849763 0.0887885 0.0052498
0.5628141 0.0003721 0.0000991 0.0019539 0.0517708 0.2796557 0.0369227 0.2562375 0.2845791 0.0887812 0.0052462
0.6030151 0.0003982 0.0000990 0.0019625 0.0522807 0.2807016 0.0364051 0.2556232 0.2841545 0.0887734 0.0052424
0.6432161 0.0004242 0.0000989 0.0019717 0.0527870 0.2817600 0.0358905 0.2550241 0.2837030 0.0887649 0.0052382
0.6834171 0.0004502 0.0000987 0.0019816 0.0532894 0.2828306 0.0353791 0.2544399 0.2832250 0.0887557 0.0052339
0.7236181 0.0004760 0.0000986 0.0019921 0.0537878 0.2839131 0.0348711 0.2538705 0.2827210 0.0887458 0.0052293
0.7638191 0.0005017 0.0000984 0.0020033 0.0542819 0.2850072 0.0343666 0.2533159 0.2821915 0.0887352 0.0052244
0.8040201 0.0005274 0.0000983 0.0020151 0.0547716 0.2861126 0.0338658 0.2527758 0.2816369 0.0887239 0.0052194
0.8442211 0.0005528 0.0000981 0.0020275 0.0552567 0.2872288 0.0333688 0.2522502 0.2810580 0.0887119 0.0052141
0.8844221 0.0005782 0.0000979 0.0020406 0.0557370 0.2883557 0.0328759 0.2517387 0.2804551 0.0886991 0.0052085
0.9246231 0.0006034 0.0000978 0.0020543 0.0562124 0.2894927 0.0323872 0.2512413 0.2798289 0.0886855 0.0052028
0.9648241 0.0006286 0.0000976 0.0020687 0.0566826 0.2906396 0.0319028 0.2507577 0.2791799 0.0886711 0.0051968
1.0050251 0.0006535 0.0000974 0.0020838 0.0571476 0.2917960 0.0314228 0.2502877 0.2785088 0.0886559 0.0051906
1.0452261 0.0006783 0.0000972 0.0020996 0.0576072 0.2929615 0.0309474 0.2498312 0.2778161 0.0886398 0.0051843
1.0854271 0.0007030 0.0000970 0.0021160 0.0580612 0.2941357 0.0304767 0.2493880 0.2771026 0.0886228 0.0051777
1.1256281 0.0007275 0.0000968 0.0021332 0.0585095 0.2953182 0.0300108 0.2489577 0.2763688 0.0886050 0.0051709
1.1658291 0.0007519 0.0000966 0.0021510 0.0589520 0.2965087 0.0295499 0.2485403 0.2756154 0.0885862 0.0051639
1.2060302 0.0007761 0.0000964 0.0021696 0.0593885 0.2977067 0.0290939 0.2481354 0.2748430 0.0885665 0.0051568
1.2462312 0.0008001 0.0000962 0.0021889 0.0598190 0.2989119 0.0286430 0.2477429 0.2740523 0.0885458 0.0051494
1.2864322 0.0008240 0.0000960 0.0022089 0.0602433 0.3001238 0.0281974 0.2473624 0.2732441 0.0885242 0.0051419
1.3266332 0.0008477 0.0000958 0.0022297 0.0606613 0.3013420 0.0277570 0.2469938 0.2724189 0.0885016 0.0051342
1.3668342 0.0008712 0.0000956 0.0022512 0.0610730 0.3025662 0.0273219 0.2466368 0.2715774 0.0884779 0.0051264
1.4070352 0.0008946 0.0000954 0.0022734 0.0614782 0.3037958 0.0268923 0.2462911 0.2707204 0.0884532 0.0051184
1.4472362 0.0009177 0.0000951 0.0022965 0.0618770 0.3050306 0.0264682 0.2459566 0.2698485 0.0884275 0.0051102
1.4874372 0.0009407 0.0000949 0.0023203 0.0622691 0.3062701 0.0260496 0.2456329 0.2689624 0.0884007 0.0051019
1.5276382 0.0009635 0.0000947 0.0023449 0.0626545 0.3075139 0.0256365 0.2453198 0.2680628 0.0883728 0.0050935
1.5678392 0.0009861 0.0000945 0.0023704 0.0630333 0.3087615 0.0252291 0.2450170 0.2671504 0.0883439 0.0050849
1.6080402 0.0010085 0.0000943 0.0023966 0.0634052 0.3100126 0.0248274 0.2447243 0.2662259 0.0883138 0.0050762
1.6482412 0.0010307 0.0000941 0.0024237 0.0637704 0.3112667 0.0244313 0.2444413 0.2652899 0.0882826 0.0050674
1.6884422 0.0010527 0.0000938 0.0024516 0.0641287 0.3125235 0.0240410 0.2441680 0.2643431 0.0882503 0.0050584
1.7286432 0.0010745 0.0000936 0.0024803 0.0644802 0.3137826 0.0236564 0.2439039 0.2633861 0.0882168 0.0050493
1.7688442 0.0010961 0.0000934 0.0025100 0.0648247 0.3150435 0.0232775 0.2436488 0.2624198 0.0881822 0.0050402
1.8090452 0.0011175 0.0000932 0.0025405 0.0651623 0.3163059 0.0229044 0.2434025 0.2614446 0.0881465 0.0050309
1.8492462 0.0011386 0.0000930 0.0025719 0.0654931 0.3175694 0.0225371 0.2431648 0.2604613 0.0881095 0.0050215
1.8894472 0.0011596 0.0000928 0.0026042 0.0658168 0.3188336 0.0221755 0.2429352 0.2594705 0.0880714 0.0050121
1.9296482 0.0011804 0.0000926 0.0026374 0.0661337 0.3200981 0.0218197 0.2427136 0.2584727 0.0880322 0.0050025
1.9698492 0.0012009 0.0000924 0.0026715 0.0664436 0.3213625 0.0214696 0.2424998 0.2574688 0.0879917 0.0049929
2.0100503 0.0012213 0.0000922 0.0027066 0.0667466 0.3226265 0.0211252 0.2422934 0.2564592 0.0879501 0.0049832
2.0502513 0.0012414 0.0000920 0.0027427 0.0670428 0.3238898 0.0207866 0.2420943 0.2554445 0.0879073 0.0049735
2.0904523 0.0012613 0.0000919 0.0027797 0.0673320 0.3251519 0.0204536 0.2419021 0.2544254 0.0878633 0.0049636
2.1306533 0.0012810 0.0000917 0.0028178 0.0676145 0.3264126 0.0201263 0.2417167 0.2534023 0.0878182 0.0049538
2.1708543 0.0013005 0.0000915 0.0028568 0.0678901 0.3276714 0.0198046 0.2415377 0.2523760 0.0877719 0.0049438
2.2110553 0.0013197 0.0000914 0.0028969 0.0681590 0.3289281 0.0194885 0.2413649 0.2513469 0.0877244 0.0049338
2.2512563 0.0013387 0.0000912 0.0029380 0.0684211 0.3301823 0.0191780 0.2411982 0.2503155 0.0876757 0.0049238
2.2914573 0.0013576 0.0000911 0.0029801 0.0686766 0.3314338 0.0188730 0.2410372 0.2492824 0.0876259 0.0049138
2.3316583 0.0013761 0.0000909 0.0030234 0.0689254 0.3326822 0.0185734 0.2408817 0.2482481 0.0875750 0.0049037
2.3718593 0.0013945 0.0000908 0.0030677 0.0691677 0.3339272 0.0182793 0.2407315 0.2472131 0.0875228 0.0048936
2.4120603 0.0014127 0.0000906 0.0031131 0.0694034 0.3351686 0.0179905 0.2405863 0.2461778 0.0874696 0.0048834
2.4522613 0.0014306 0.0000905 0.0031597 0.0696327 0.3364060 0.0177071 0.2404460 0.2451428 0.0874152 0.0048732
2.4924623 0.0014483 0.0000904 0.0032074 0.0698556 0.3376392 0.0174289 0.2403104 0.2441084 0.0873597 0.0048631
2.5326633 0.0014658 0.0000903 0.0032563 0.0700721 0.3388680 0.0171560 0.2401791 0.2430752 0.0873031 0.0048529
2.5728643 0.0014831 0.0000902 0.0033063 0.0702824 0.3400920 0.0168882 0.2400520 0.2420434 0.0872454 0.0048427
2.6130653 0.0015001 0.0000901 0.0033576 0.0704865 0.3413111 0.0166255 0.2399289 0.2410137 0.0871867 0.0048325
2.6532663 0.0015170 0.0000900 0.0034101 0.0706845 0.3425250 0.0163678 0.2398096 0.2399862 0.0871268 0.0048223
2.6934673 0.0015336 0.0000900 0.0034638 0.0708765 0.3437335 0.0161151 0.2396938 0.2389615 0.0870659 0.0048121
2.7336683 0.0015500 0.0000899 0.0035188 0.0710625 0.3449364 0.0158673 0.2395814 0.2379398 0.0870040 0.0048019
2.7738693 0.0015662 0.0000899 0.0035750 0.0712426 0.3461334 0.0156243 0.2394722 0.2369216 0.0869410 0.0047918
2.8140704 0.0015821 0.0000898 0.0036326 0.0714169 0.3473245 0.0153862 0.2393660 0.2359070 0.0868770 0.0047816
2.8542714 0.0015979 0.0000898 0.0036915 0.0715855 0.3485093 0.0151527 0.2392626 0.2348966 0.0868120 0.0047715
2.8944724 0.0016134 0.0000898 0.0037517 0.0717485 0.3496878 0.0149239 0.2391618 0.2338905 0.0867460 0.0047614
2.9346734 0.0016287 0.0000898 0.0038133 0.0719059 0.3508598 0.0146996 0.2390635 0.2328890 0.0866791 0.0047513
2.9748744 0.0016439 0.0000898 0.0038763 0.0720579 0.3520251 0.0144798 0.2389674 0.2318925 0.0866112 0.0047413
3.0150754 0.0016588 0.0000898 0.0039407 0.0722045 0.3531836 0.0142645 0.2388734 0.2309012 0.0865424 0.0047313
3.0552764 0.0016734 0.0000898 0.0040065 0.0723458 0.3543351 0.0140535 0.2387814 0.2299153 0.0864726 0.0047213
3.0954774 0.0016879 0.0000899 0.0040738 0.0724819 0.3554795 0.0138469 0.2386911 0.2289350 0.0864020 0.0047114
3.1356784 0.0017022 0.0000899 0.0041426 0.0726128 0.3566168 0.0136444 0.2386024 0.2279607 0.0863305 0.0047015
3.1758794 0.0017163 0.0000900 0.0042128 0.0727388 0.3577467 0.0134461 0.2385152 0.2269924 0.0862580 0.0046916
3.2160804 0.0017301 0.0000900 0.0042846 0.0728598 0.3588693 0.0132518 0.2384293 0.2260304 0.0861848 0.0046818
3.2562814 0.0017438 0.0000901 0.0043580 0.0729759 0.3599843 0.0130616 0.2383445 0.2250748 0.0861107 0.0046720
3.2964824 0.0017573 0.0000902 0.0044329 0.0730873 0.3610918 0.0128753 0.2382608 0.2241259 0.0860358 0.0046623
3.3366834 0.0017705 0.0000903 0.0045095 0.0731940 0.3621916 0.0126929 0.2381779 0.2231838 0.0859600 0.0046527
3.3768844 0.0017836 0.0000905 0.0045876 0.0732961 0.3632838 0.0125142 0.2380957 0.2222486 0.0858835 0.0046431
3.4170854 0.0017964 0.0000906 0.0046675 0.0733936 0.3643682 0.0123393 0.2380141 0.2213205 0.0858062 0.0046335
3.4572864 0.0018091 0.0000908 0.0047490 0.0734868 0.3654448 0.0121680 0.2379329 0.2203995 0.0857282 0.0046240
3.4974874 0.0018216 0.0000909 0.0048322 0.0735756 0.3665135 0.0120003 0.2378521 0.2194859 0.0856494 0.0046146
3.5376884 0.0018339 0.0000911 0.0049172 0.0736602 0.3675744 0.0118361 0.2377715 0.2185796 0.0855699 0.0046052
3.5778894 0.0018460 0.0000913 0.0050039 0.0737406 0.3686274 0.0116754 0.2376910 0.2176808 0.0854896 0.0045959
3.6180905 0.0018579 0.0000915 0.0050924 0.0738168 0.3696725 0.0115180 0.2376104 0.2167896 0.0854087 0.0045867
3.6582915 0.0018696 0.0000918 0.0051828 0.0738891 0.3707097 0.0113640 0.2375296 0.2159060 0.0853270 0.0045775
3.6984925 0.0018812 0.0000920 0.0052750 0.0739574 0.3717390 0.0112132 0.2374486 0.2150301 0.0852447 0.0045684
3.7386935 0.0018925 0.0000923 0.0053690 0.0740219 0.3727603 0.0110655 0.2373672 0.2141619 0.0851617 0.0045593
3.7788945 0.0019037 0.0000925 0.0054650 0.0740826 0.3737738 0.0109210 0.2372853 0.2133016 0.0850781 0.0045503
3.8190955 0.0019147 0.0000928 0.0055630 0.0741396 0.3747794 0.0107796 0.2372028 0.2124490 0.0849938 0.0045414
3.8592965 0.0019255 0.0000931 0.0056629 0.0741929 0.3757772 0.0106411 0.2371195 0.2116043 0.0849089 0.0045326
3.8994975 0.0019362 0.0000934 0.0057648 0.0742427 0.3767672 0.0105055 0.2370355 0.2107675 0.0848234 0.0045238
3.9396985 0.0019467 0.0000938 0.0058687 0.0742891 0.3777494 0.0103728 0.2369505 0.2099385 0.0847373 0.0045151
3.9798995 0.0019570 0.0000941 0.0059747 0.0743319 0.3787239 0.0102429 0.2368646 0.2091174 0.0846505 0.0045065
4.0201005 0.0019671 0.0000945 0.0060828 0.0743715 0.3796907 0.0101157 0.2367775 0.2083042 0.0845632 0.0044979
4.0603015 0.0019771 0.0000949 0.0061930 0.0744077 0.3806498 0.0099912 0.2366892 0.2074988 0.0844752 0.0044894
4.1005025 0.0019869 0.0000953 0.0063054 0.0744408 0.3816015 0.0098694 0.2365997 0.2067013 0.0843867 0.0044810
4.1407035 0.0019965 0.0000957 0.0064200 0.0744707 0.3825456 0.0097501 0.2365087 0.2059116 0.0842977 0.0044727
4.1809045 0.0020060 0.0000961 0.0065368 0.0744975 0.3834823 0.0096332 0.2364164 0.2051297 0.0842080 0.0044644
4.2211055 0.0020154 0.0000966 0.0066559 0.0745212 0.3844117 0.0095189 0.2363224 0.2043555 0.0841178 0.0044562
4.2613065 0.0020245 0.0000971 0.0067772 0.0745420 0.3853339 0.0094069 0.2362268 0.2035890 0.0840270 0.0044481
4.3015075 0.0020335 0.0000975 0.0069009 0.0745599 0.3862488 0.0092973 0.2361295 0.2028302 0.0839357 0.0044401
4.3417085 0.0020424 0.0000980 0.0070270 0.0745749 0.3871567 0.0091900 0.2360304 0.2020791 0.0838438 0.0044321
4.3819095 0.0020511 0.0000986 0.0071555 0.0745871 0.3880576 0.0090849 0.2359295 0.2013354 0.0837514 0.0044242
4.4221106 0.0020597 0.0000991 0.0072864 0.0745966 0.3889516 0.0089820 0.2358266 0.2005993 0.0836584 0.0044164
4.4623116 0.0020681 0.0000997 0.0074198 0.0746034 0.3898388 0.0088812 0.2357216 0.1998706 0.0835649 0.0044086
4.5025126 0.0020764 0.0001002 0.0075557 0.0746075 0.3907194 0.0087825 0.2356146 0.1991492 0.0834709 0.0044009
4.5427136 0.0020845 0.0001008 0.0076941 0.0746091 0.3915934 0.0086858 0.2355054 0.1984352 0.0833763 0.0043933
4.5829146 0.0020925 0.0001014 0.0078351 0.0746080 0.3924609 0.0085912 0.2353939 0.1977283 0.0832811 0.0043858
4.6231156 0.0021004 0.0001021 0.0079788 0.0746045 0.3933221 0.0084984 0.2352802 0.1970285 0.0831854 0.0043783
4.6633166 0.0021081 0.0001027 0.0081251 0.0745985 0.3941770 0.0084076 0.2351640 0.1963358 0.0830892 0.0043709
4.7035176 0.0021157 0.0001034 0.0082741 0.0745901 0.3950259 0.0083186 0.2350454 0.1956501 0.0829924 0.0043636
4.7437186 0.0021231 0.0001041 0.0084258 0.0745793 0.3958688 0.0082314 0.2349243 0.1949712 0.0828951 0.0043564
4.7839196 0.0021305 0.0001048 0.0085803 0.0745662 0.3967058 0.0081460 0.2348006 0.1942991 0.0827972 0.0043492
4.8241206 0.0021377 0.0001055 0.0087376 0.0745508 0.3975372 0.0080623 0.2346743 0.1936336 0.0826987 0.0043421
4.8643216 0.0021447 0.0001063 0.0088978 0.0745331 0.3983629 0.0079803 0.2345452 0.1929748 0.0825997 0.0043350
4.9045226 0.0021517 0.0001070 0.0090609 0.0745132 0.3991832 0.0078999 0.2344134 0.1923224 0.0825001 0.0043280
4.9447236 0.0021585 0.0001078 0.0092269 0.0744910 0.3999981 0.0078211 0.2342788 0.1916764 0.0823999 0.0043211
4.9849246 0.0021652 0.0001086 0.0093959 0.0744667 0.4008079 0.0077439 0.2341412 0.1910366 0.0822991 0.0043143
5.0251256 0.0021718 0.0001094 0.0095678 0.0744403 0.4016126 0.0076682 0.2340007 0.1904030 0.0821978 0.0043075
5.0653266 0.0021782 0.0001103 0.0097429 0.0744118 0.4024125 0.0075940 0.2338572 0.1897755 0.0820958 0.0043008
5.1055276 0.0021846 0.0001112 0.0099210 0.0743812 0.4032075 0.0075212 0.2337106 0.1891539 0.0819933 0.0042941
5.1457286 0.0021908 0.0001120 0.0101023 0.0743486 0.4039980 0.0074499 0.2335610 0.1885381 0.0818901 0.0042875
5.1859296 0.0021969 0.0001130 0.0102867 0.0743139 0.4047840 0.0073799 0.2334081 0.1879281 0.0817864 0.0042810
5.2261307 0.0022029 0.0001139 0.0104743 0.0742773 0.4055656 0.0073113 0.2332520 0.1873237 0.0816819 0.0042745
5.2663317 0.0022088 0.0001148 0.0106653 0.0742387 0.4063431 0.0072439 0.2330926 0.1867247 0.0815769 0.0042681
5.3065327 0.0022146 0.0001158 0.0108595 0.0741981 0.4071166 0.0071779 0.2329298 0.1861312 0.0814712 0.0042617
5.3467337 0.0022203 0.0001168 0.0110570 0.0741556 0.4078862 0.0071131 0.2327637 0.1855429 0.0813648 0.0042554
5.3869347 0.0022259 0.0001178 0.0112579 0.0741112 0.4086520 0.0070495 0.2325941 0.1849598 0.0812578 0.0042492
5.4271357 0.0022314 0.0001189 0.0114623 0.0740649 0.4094143 0.0069870 0.2324210 0.1843816 0.0811500 0.0042430
5.4673367 0.0022368 0.0001199 0.0116701 0.0740167 0.4101731 0.0069258 0.2322443 0.1838085 0.0810416 0.0042369
5.5075377 0.0022421 0.0001210 0.0118814 0.0739667 0.4109287 0.0068656 0.2320641 0.1832400 0.0809325 0.0042308
5.5477387 0.0022472 0.0001221 0.0120963 0.0739149 0.4116811 0.0068066 0.2318802 0.1826763 0.0808226 0.0042248
5.5879397 0.0022523 0.0001232 0.0123147 0.0738612 0.4124305 0.0067486 0.2316926 0.1821171 0.0807120 0.0042188
5.6281407 0.0022573 0.0001244 0.0125368 0.0738058 0.4131771 0.0066916 0.2315012 0.1815624 0.0806007 0.0042129
5.6683417 0.0022622 0.0001255 0.0127626 0.0737485 0.4139211 0.0066356 0.2313060 0.1810120 0.0804886 0.0042070
5.7085427 0.0022670 0.0001267 0.0129921 0.0736895 0.4146625 0.0065807 0.2311070 0.1804658 0.0803758 0.0042011
5.7487437 0.0022718 0.0001279 0.0132253 0.0736287 0.4154015 0.0065267 0.2309041 0.1799237 0.0802621 0.0041953
5.7889447 0.0022764 0.0001292 0.0134623 0.0735661 0.4161383 0.0064736 0.2306973 0.1793855 0.0801477 0.0041896
5.8291457 0.0022810 0.0001304 0.0137032 0.0735018 0.4168730 0.0064214 0.2304865 0.1788512 0.0800324 0.0041839
5.8693467 0.0022854 0.0001317 0.0139479 0.0734358 0.4176058 0.0063701 0.2302716 0.1783207 0.0799164 0.0041782
5.9095477 0.0022898 0.0001330 0.0141965 0.0733681 0.4183368 0.0063197 0.2300527 0.1777937 0.0797994 0.0041726
5.9497487 0.0022941 0.0001344 0.0144491 0.0732986 0.4190662 0.0062701 0.2298297 0.1772703 0.0796817 0.0041670
5.9899497 0.0022983 0.0001357 0.0147057 0.0732274 0.4197941 0.0062213 0.2296025 0.1767502 0.0795630 0.0041615
6.0301508 0.0023025 0.0001371 0.0149664 0.0731545 0.4205207 0.0061733 0.2293711 0.1762334 0.0794435 0.0041560
6.0703518 0.0023065 0.0001385 0.0152311 0.0730800 0.4212461 0.0061261 0.2291354 0.1757198 0.0793230 0.0041505
6.1105528 0.0023105 0.0001399 0.0154999 0.0730037 0.4219704 0.0060797 0.2288955 0.1752092 0.0792017 0.0041451
6.1507538 0.0023144 0.0001414 0.0157729 0.0729258 0.4226939 0.0060339 0.2286513 0.1747015 0.0790794 0.0041397
6.1909548 0.0023182 0.0001428 0.0160500 0.0728461 0.4234165 0.0059889 0.2284027 0.1741966 0.0789562 0.0041343
6.2311558 0.0023220 0.0001443 0.0163314 0.0727649 0.4241386 0.0059446 0.2281497 0.1736945 0.0788320 0.0041289
6.2713568 0.0023257 0.0001459 0.0166171 0.0726819 0.4248601 0.0059009 0.2278923 0.1731950 0.0787069 0.0041236
6.3115578 0.0023293 0.0001474 0.0169070 0.0725973 0.4255814 0.0058579 0.2276304 0.1726979 0.0785808 0.0041183
6.3517588 0.0023329 0.0001490 0.0172013 0.0725110 0.4263024 0.0058155 0.2273640 0.1722032 0.0784536 0.0041131
6.3919598 0.0023363 0.0001506 0.0175000 0.0724231 0.4270233 0.0057737 0.2270930 0.1717108 0.0783255 0.0041079
6.4321608 0.0023398 0.0001522 0.0178030 0.0723335 0.4277443 0.0057326 0.2268175 0.1712206 0.0781963 0.0041026
6.4723618 0.0023431 0.0001538 0.0181105 0.0722422 0.4284655 0.0056920 0.2265374 0.1707325 0.0780661 0.0040974
6.5125628 0.0023464 0.0001555 0.0184224 0.0721494 0.4291870 0.0056520 0.2262526 0.1702463 0.0779348 0.0040923
6.5527638 0.0023496 0.0001572 0.0187389 0.0720548 0.4299090 0.0056125 0.2259632 0.1697620 0.0778024 0.0040871
6.5929648 0.0023528 0.0001589 0.0190598 0.0719587 0.4306315 0.0055736 0.2256691 0.1692794 0.0776690 0.0040820
6.6331658 0.0023559 0.0001606 0.0193854 0.0718608 0.4313547 0.0055352 0.2253702 0.1687986 0.0775345 0.0040769
6.6733668 0.0023589 0.0001624 0.0197155 0.0717614 0.4320788 0.0054973 0.2250666 0.1683193 0.0773988 0.0040718
6.7135678 0.0023619 0.0001641 0.0200502 0.0716603 0.4328038 0.0054598 0.2247582 0.1678414 0.0772621 0.0040667
6.7537688 0.0023648 0.0001660 0.0203896 0.0715576 0.4335298 0.0054229 0.2244451 0.1673650 0.0771241 0.0040616
6.7939698 0.0023677 0.0001678 0.0207336 0.0714532 0.4342570 0.0053864 0.2241270 0.1668898 0.0769851 0.0040566
6.8341709 0.0023705 0.0001696 0.0210823 0.0713472 0.4349855 0.0053504 0.2238042 0.1664159 0.0768449 0.0040515
6.8743719 0.0023732 0.0001715 0.0214357 0.0712396 0.4357154 0.0053148 0.2234765 0.1659430 0.0767035 0.0040465
6.9145729 0.0023759 0.0001734 0.0217939 0.0711303 0.4364468 0.0052796 0.2231438 0.1654712 0.0765609 0.0040415
6.9547739 0.0023786 0.0001753 0.0221568 0.0710194 0.4371798 0.0052448 0.2228063 0.1650004 0.0764171 0.0040364
6.9949749 0.0023812 0.0001773 0.0225244 0.0709069 0.4379145 0.0052105 0.2224639 0.1645304 0.0762722 0.0040314
7.0351759 0.0023837 0.0001793 0.0228969 0.0707928 0.4386510 0.0051765 0.2221165 0.1640612 0.0761260 0.0040264
7.0753769 0.0023862 0.0001813 0.0232741 0.0706770 0.4393894 0.0051429 0.2217641 0.1635926 0.0759786 0.0040214
7.1155779 0.0023887 0.0001833 0.0236562 0.0705596 0.4401298 0.0051096 0.2214068 0.1631248 0.0758299 0.0040164
7.1557789 0.0023911 0.0001853 0.0240431 0.0704406 0.4408722 0.0050767 0.2210445 0.1626574 0.0756800 0.0040114
7.1959799 0.0023934 0.0001874 0.0244349 0.0703200 0.4416169 0.0050442 0.2206772 0.1621905 0.0755289 0.0040064
7.2361809 0.0023957 0.0001895 0.0248314 0.0701978 0.4423638 0.0050119 0.2203050 0.1617241 0.0753765 0.0040013
7.2763819 0.0023980 0.0001916 0.0252329 0.0700740 0.4431130 0.0049800 0.2199277 0.1612579 0.0752228 0.0039963
7.3165829 0.0024002 0.0001937 0.0256392 0.0699486 0.4438646 0.0049484 0.2195455 0.1607921 0.0750679 0.0039913
7.3567839 0.0024024 0.0001959 0.0260504 0.0698215 0.4446188 0.0049172 0.2191582 0.1603264 0.0749117 0.0039863
7.3969849 0.0024045 0.0001980 0.0264664 0.0696929 0.4453754 0.0048862 0.2187659 0.1598609 0.0747542 0.0039812
7.4371859 0.0024066 0.0002002 0.0268873 0.0695627 0.4461347 0.0048554 0.2183687 0.1593955 0.0745955 0.0039762
7.4773869 0.0024086 0.0002024 0.0273130 0.0694309 0.4468967 0.0048250 0.2179664 0.1589301 0.0744354 0.0039712
7.5175879 0.0024106 0.0002047 0.0277437 0.0692975 0.4476614 0.0047948 0.2175591 0.1584646 0.0742741 0.0039661
7.5577889 0.0024126 0.0002069 0.0281791 0.0691626 0.4484290 0.0047649 0.2171469 0.1579991 0.0741114 0.0039610
7.5979899 0.0024145 0.0002092 0.0286195 0.0690260 0.4491994 0.0047353 0.2167297 0.1575335 0.0739475 0.0039559
7.6381910 0.0024164 0.0002115 0.0290646 0.0688880 0.4499727 0.0047059 0.2163075 0.1570676 0.0737822 0.0039508
7.6783920 0.0024182 0.0002138 0.0295146 0.0687483 0.4507489 0.0046767 0.2158804 0.1566015 0.0736157 0.0039457
7.7185930 0.0024200 0.0002162 0.0299694 0.0686071 0.4515281 0.0046478 0.2154484 0.1561352 0.0734479 0.0039406
7.7587940 0.0024218 0.0002185 0.0304290 0.0684644 0.4523104 0.0046190 0.2150114 0.1556685 0.0732788 0.0039354
7.7989950 0.0024235 0.0002209 0.0308933 0.0683202 0.4530957 0.0045905 0.2145696 0.1552014 0.0731084 0.0039303
7.8391960 0.0024252 0.0002233 0.0313624 0.0681744 0.4538842 0.0045622 0.2141228 0.1547340 0.0729366 0.0039251
7.8793970 0.0024269 0.0002257 0.0318362 0.0680271 0.4546757 0.0045342 0.2136713 0.1542661 0.0727637 0.0039199
7.9195980 0.0024285 0.0002281 0.0323147 0.0678783 0.4554704 0.0045063 0.2132149 0.1537978 0.0725894 0.0039147
7.9597990 0.0024301 0.0002306 0.0327979 0.0677281 0.4562682 0.0044786 0.2127538 0.1533290 0.0724138 0.0039094
8.0000000 0.0024317 0.0002331 0.0332858 0.0675763 0.4570692 0.0044511 0.2122879 0.1528597 0.0722370 0.0039042
