0.0000000 -0.0005335 0.0000592 0.0027755 0.0113661 0.1924215 0.0397418 0.4308046 0.2716801 0.0511511 0.0042482
0.0402010 -0.0005249 0.0000599 0.0028091 0.0114901 0.1936719 0.0394532 0.4281614 0.2733671 0.0509874 0.0042455
0.0804020 -0.0005162 0.0000606 0.0028431 0.0116151 0.1949383 0.0391606 0.4255177 0.2750438 0.0508207 0.0042426
0.1206030 -0.0005076 0.0000613 0.0028776 0.0117411 0.1962210 0.0388642 0.4228745 0.2767093 0.0506511 0.0042395
0.1608040 -0.0004988 0.0000620 0.0029125 0.0118679 0.1975198 0.0385640 0.4202325 0.2783626 0.0504786 0.0042361
0.2010050 -0.0004900 0.0000627 0.0029478 0.0119957 0.1988350 0.0382601 0.4175926 0.2800028 0.0503033 0.0042325
0.2412060 -0.0004812 0.0000634 0.0029836 0.0121242 0.2001664 0.0379526 0.4149556 0.2816290 0.0501251 0.0042287
0.2814070 -0.0004724 0.0000641 0.0030199 0.0122536 0.2015142 0.0376415 0.4123224 0.2832402 0.0499442 0.0042246
0.3216080 -0.0004635 0.0000648 0.0030566 0.0123836 0.2028783 0.0373270 0.4096937 0.2848356 0.0497605 0.0042203
0.3618090 -0.0004546 0.0000655 0.0030938 0.0125143 0.2042588 0.0370090 0.4070704 0.2864141 0.0495741 0.0042158
0.4020101 -0.0004457 0.0000662 0.0031315 0.0126456 0.2056556 0.0366878 0.4044534 0.2879749 0.0493850 0.0042110
0.4422111 -0.0004367 0.0000669 0.0031696 0.0127775 0.2070688 0.0363635 0.4018435 0.2895170 0.0491933 0.0042060
0.4824121 -0.0004277 0.0000676 0.0032083 0.0129098 0.2084983 0.0360360 0.3992416 0.2910394 0.0489990 0.0042008
0.5226131 -0.0004187 0.0000683 0.0032475 0.0130426 0.2099442 0.0357056 0.3966484 0.2925413 0.0488021 0.0041953
0.5628141 -0.0004097 0.0000689 0.0032871 0.0131757 0.2114064 0.0353723 0.3940650 0.2940218 0.0486028 0.0041897
0.6030151 -0.0004007 0.0000696 0.0033273 0.0133091 0.2128849 0.0350362 0.3914920 0.2954799 0.0484009 0.0041837
0.6432161 -0.0003916 0.0000703 0.0033681 0.0134427 0.2143795 0.0346976 0.3889304 0.2969147 0.0481967 0.0041776
0.6834171 -0.0003825 0.0000710 0.0034094 0.0135765 0.2158904 0.0343564 0.3863809 0.2983254 0.0479901 0.0041712
0.7236181 -0.0003735 0.0000716 0.0034512 0.0137104 0.2174173 0.0340128 0.3838445 0.2997110 0.0477811 0.0041646
0.7638191 -0.0003644 0.0000723 0.0034937 0.0138444 0.2189603 0.0336669 0.3813219 0.3010707 0.0475699 0.0041578
0.8040201 -0.0003553 0.0000729 0.0035367 0.0139782 0.2205193 0.0333188 0.3788139 0.3024036 0.0473565 0.0041507
0.8442211 -0.0003462 0.0000736 0.0035803 0.0141120 0.2220940 0.0329688 0.3763213 0.3037090 0.0471410 0.0041434
0.8844221 -0.0003371 0.0000742 0.0036245 0.0142455 0.2236846 0.0326168 0.3738451 0.3049859 0.0469233 0.0041359
0.9246231 -0.0003280 0.0000749 0.0036693 0.0143788 0.2252907 0.0322631 0.3713858 0.3062337 0.0467036 0.0041282
0.9648241 -0.0003189 0.0000755 0.0037148 0.0145118 0.2269124 0.0319078 0.3689443 0.3074514 0.0464820 0.0041202
1.0050251 -0.0003098 0.0000761 0.0037610 0.0146443 0.2285494 0.0315510 0.3665215 0.3086384 0.0462584 0.0041120
1.0452261 -0.0003007 0.0000767 0.0038078 0.0147763 0.2302017 0.0311928 0.3641179 0.3097939 0.0460329 0.0041037
1.0854271 -0.0002916 0.0000773 0.0038554 0.0149078 0.2318690 0.0308334 0.3617344 0.3109171 0.0458056 0.0040951
1.1256281 -0.0002825 0.0000779 0.0039036 0.0150386 0.2335513 0.0304729 0.3593716 0.3120075 0.0455766 0.0040862
1.1658291 -0.0002734 0.0000785 0.0039526 0.0151686 0.2352482 0.0301114 0.3570303 0.3130643 0.0453459 0.0040772
1.2060302 -0.0002644 0.0000791 0.0040023 0.0152979 0.2369597 0.0297492 0.3547112 0.3140869 0.0451136 0.0040680
1.2462312 -0.0002554 0.0000797 0.0040528 0.0154263 0.2386855 0.0293863 0.3524149 0.3150747 0.0448798 0.0040585
1.2864322 -0.0002464 0.0000803 0.0041041 0.0155537 0.2404254 0.0290229 0.3501421 0.3160271 0.0446445 0.0040489
1.3266332 -0.0002374 0.0000808 0.0041562 0.0156802 0.2421792 0.0286591 0.3478933 0.3169435 0.0444077 0.0040391
1.3668342 -0.0002284 0.0000814 0.0042092 0.0158054 0.2439466 0.0282951 0.3456693 0.3178235 0.0441696 0.0040290
1.4070352 -0.0002195 0.0000819 0.0042630 0.0159296 0.2457274 0.0279310 0.3434705 0.3186665 0.0439301 0.0040188
1.4472362 -0.0002106 0.0000824 0.0043177 0.0160524 0.2475214 0.0275669 0.3412976 0.3194720 0.0436895 0.0040083
1.4874372 -0.0002017 0.0000829 0.0043733 0.0161739 0.2493282 0.0272030 0.3391511 0.3202398 0.0434477 0.0039977
1.5276382 -0.0001929 0.0000834 0.0044299 0.0162940 0.2511476 0.0268394 0.3370315 0.3209692 0.0432048 0.0039869
1.5678392 -0.0001840 0.0000839 0.0044875 0.0164127 0.2529793 0.0264763 0.3349393 0.3216601 0.0429609 0.0039759
1.6080402 -0.0001753 0.0000844 0.0045460 0.0165298 0.2548230 0.0261138 0.3328750 0.3223120 0.0427160 0.0039648
1.6482412 -0.0001665 0.0000849 0.0046056 0.0166453 0.2566783 0.0257521 0.3308390 0.3229247 0.0424702 0.0039534
1.6884422 -0.0001578 0.0000854 0.0046662 0.0167591 0.2585450 0.0253911 0.3288317 0.3234980 0.0422236 0.0039419
1.7286432 -0.0001492 0.0000858 0.0047279 0.0168711 0.2604227 0.0250312 0.3268536 0.3240315 0.0419762 0.0039302
1.7688442 -0.0001406 0.0000863 0.0047907 0.0169813 0.2623110 0.0246725 0.3249050 0.3245251 0.0417281 0.0039183
1.8090452 -0.0001320 0.0000867 0.0048547 0.0170897 0.2642096 0.0243149 0.3229862 0.3249787 0.0414794 0.0039063
1.8492462 -0.0001235 0.0000871 0.0049198 0.0171961 0.2661182 0.0239588 0.3210976 0.3253922 0.0412302 0.0038941
1.8894472 -0.0001150 0.0000875 0.0049862 0.0173005 0.2680362 0.0236042 0.3192395 0.3257655 0.0409804 0.0038817
1.9296482 -0.0001066 0.0000879 0.0050539 0.0174029 0.2699635 0.0232512 0.3174120 0.3260985 0.0407302 0.0038692
1.9698492 -0.0000982 0.0000883 0.0051228 0.0175032 0.2718995 0.0228999 0.3156156 0.3263912 0.0404796 0.0038566
2.0100503 -0.0000899 0.0000887 0.0051930 0.0176013 0.2738438 0.0225505 0.3138503 0.3266437 0.0402287 0.0038437
2.0502513 -0.0000817 0.0000890 0.0052646 0.0176972 0.2757961 0.0222031 0.3121163 0.3268560 0.0399775 0.0038308
2.0904523 -0.0000734 0.0000894 0.0053377 0.0177908 0.2777560 0.0218578 0.3104138 0.3270283 0.0397262 0.0038177
2.1306533 -0.0000653 0.0000897 0.0054121 0.0178822 0.2797229 0.0215147 0.3087430 0.3271607 0.0394747 0.0038045
2.1708543 -0.0000572 0.0000901 0.0054881 0.0179712 0.2816964 0.0211738 0.3071039 0.3272533 0.0392232 0.0037911
2.2110553 -0.0000492 0.0000904 0.0055655 0.0180578 0.2836762 0.0208354 0.3054966 0.3273063 0.0389717 0.0037776
2.2512563 -0.0000412 0.0000907 0.0056446 0.0181420 0.2856618 0.0204995 0.3039212 0.3273200 0.0387203 0.0037639
2.2914573 -0.0000333 0.0000910 0.0057252 0.0182238 0.2876526 0.0201661 0.3023776 0.3272948 0.0384690 0.0037502
2.3316583 -0.0000255 0.0000913 0.0058075 0.0183030 0.2896483 0.0198355 0.3008659 0.3272307 0.0382178 0.0037363
2.3718593 -0.0000177 0.0000915 0.0058915 0.0183798 0.2916484 0.0195076 0.2993860 0.3271283 0.0379669 0.0037223
2.4120603 -0.0000100 0.0000918 0.0059773 0.0184540 0.2936524 0.0191825 0.2979380 0.3269878 0.0377163 0.0037082
2.4522613 -0.0000024 0.0000920 0.0060648 0.0185256 0.2956598 0.0188604 0.2965216 0.3268097 0.0374660 0.0036940
2.4924623 0.0000052 0.0000923 0.0061542 0.0185947 0.2976702 0.0185413 0.2951369 0.3265944 0.0372161 0.0036796
2.5326633 0.0000127 0.0000925 0.0062455 0.0186612 0.2996831 0.0182252 0.2937836 0.3263423 0.0369667 0.0036652
2.5728643 0.0000201 0.0000927 0.0063387 0.0187250 0.3016979 0.0179123 0.2924617 0.3260539 0.0367179 0.0036507
2.6130653 0.0000275 0.0000929 0.0064339 0.0187862 0.3037142 0.0176027 0.2911709 0.3257297 0.0364695 0.0036361
2.6532663 0.0000347 0.0000931 0.0065311 0.0188448 0.3057316 0.0172962 0.2899111 0.3253703 0.0362218 0.0036213
2.6934673 0.0000419 0.0000933 0.0066304 0.0189007 0.3077495 0.0169932 0.2886821 0.3249761 0.0359748 0.0036065
2.7336683 0.0000491 0.0000934 0.0067319 0.0189539 0.3097675 0.0166935 0.2874835 0.3245478 0.0357285 0.0035917
2.7738693 0.0000562 0.0000936 0.0068356 0.0190045 0.3117850 0.0163972 0.2863153 0.3240860 0.0354829 0.0035767
2.8140704 0.0000631 0.0000938 0.0069415 0.0190525 0.3138015 0.0161045 0.2851770 0.3235912 0.0352382 0.0035616
2.8542714 0.0000701 0.0000939 0.0070497 0.0190978 0.3158166 0.0158152 0.2840684 0.3230641 0.0349943 0.0035465
2.8944724 0.0000769 0.0000940 0.0071604 0.0191404 0.3178299 0.0155295 0.2829891 0.3225054 0.0347513 0.0035314
2.9346734 0.0000837 0.0000941 0.0072734 0.0191804 0.3198407 0.0152474 0.2819389 0.3219157 0.0345093 0.0035161
2.9748744 0.0000904 0.0000943 0.0073889 0.0192178 0.3218486 0.0149690 0.2809174 0.3212957 0.0342683 0.0035008
3.0150754 0.0000970 0.0000944 0.0075070 0.0192526 0.3238532 0.0146942 0.2799243 0.3206461 0.0340283 0.0034854
3.0552764 0.0001035 0.0000945 0.0076276 0.0192847 0.3258540 0.0144231 0.2789591 0.3199677 0.0337893 0.0034700
3.0954774 0.0001100 0.0000945 0.0077509 0.0193143 0.3278505 0.0141557 0.2780215 0.3192611 0.0335515 0.0034546
3.1356784 0.0001164 0.0000946 0.0078770 0.0193414 0.3298422 0.0138920 0.2771110 0.3185270 0.0333149 0.0034390
3.1758794 0.0001227 0.0000947 0.0080058 0.0193659 0.3318287 0.0136320 0.2762272 0.3177662 0.0330794 0.0034235
3.2160804 0.0001289 0.0000947 0.0081375 0.0193878 0.3338095 0.0133759 0.2753698 0.3169796 0.0328452 0.0034079
3.2562814 0.0001351 0.0000948 0.0082722 0.0194073 0.3357841 0.0131234 0.2745383 0.3161677 0.0326122 0.0033923
3.2964824 0.0001411 0.0000948 0.0084098 0.0194244 0.3377522 0.0128748 0.2737321 0.3153314 0.0323805 0.0033766
3.3366834 0.0001471 0.0000949 0.0085504 0.0194390 0.3397133 0.0126299 0.2729509 0.3144715 0.0321502 0.0033610
3.3768844 0.0001531 0.0000949 0.0086942 0.0194511 0.3416669 0.0123888 0.2721942 0.3135887 0.0319212 0.0033453
3.4170854 0.0001589 0.0000949 0.0088411 0.0194610 0.3436127 0.0121514 0.2714615 0.3126838 0.0316936 0.0033296
3.4572864 0.0001647 0.0000949 0.0089913 0.0194685 0.3455501 0.0119179 0.2707523 0.3117575 0.0314674 0.0033138
3.4974874 0.0001704 0.0000950 0.0091448 0.0194737 0.3474789 0.0116880 0.2700661 0.3108108 0.0312427 0.0032981
3.5376884 0.0001760 0.0000950 0.0093018 0.0194766 0.3493986 0.0114620 0.2694025 0.3098442 0.0310195 0.0032823
3.5778894 0.0001816 0.0000950 0.0094622 0.0194773 0.3513087 0.0112396 0.2687608 0.3088586 0.0307977 0.0032666
3.6180905 0.0001870 0.0000950 0.0096261 0.0194758 0.3532091 0.0110210 0.2681407 0.3078548 0.0305775 0.0032509
3.6582915 0.0001924 0.0000949 0.0097937 0.0194722 0.3550991 0.0108061 0.2675416 0.3068336 0.0303589 0.0032351
3.6984925 0.0001978 0.0000949 0.0099649 0.0194665 0.3569786 0.0105948 0.2669629 0.3057956 0.0301418 0.0032194
3.7386935 0.0002030 0.0000949 0.0101399 0.0194587 0.3588471 0.0103872 0.2664042 0.3047417 0.0299263 0.0032037
3.7788945 0.0002082 0.0000949 0.0103187 0.0194489 0.3607043 0.0101833 0.2658649 0.3036727 0.0297124 0.0031880
3.8190955 0.0002133 0.0000948 0.0105015 0.0194371 0.3625498 0.0099829 0.2653445 0.3025891 0.0295001 0.0031723
3.8592965 0.0002184 0.0000948 0.0106883 0.0194234 0.3643834 0.0097862 0.2648425 0.3014919 0.0292895 0.0031566
3.8994975 0.0002233 0.0000948 0.0108791 0.0194078 0.3662047 0.0095930 0.2643584 0.3003817 0.0290806 0.0031410
3.9396985 0.0002282 0.0000947 0.0110741 0.0193904 0.3680134 0.0094033 0.2638916 0.2992592 0.0288733 0.0031254
3.9798995 0.0002330 0.0000947 0.0112733 0.0193712 0.3698092 0.0092171 0.2634416 0.2981252 0.0286678 0.0031098
4.0201005 0.0002378 0.0000946 0.0114769 0.0193502 0.3715918 0.0090344 0.2630078 0.2969803 0.0284639 0.0030942
4.0603015 0.0002425 0.0000946 0.0116849 0.0193275 0.3733610 0.0088551 0.2625899 0.2958252 0.0282618 0.0030787
4.1005025 0.0002471 0.0000945 0.0118973 0.0193032 0.3751164 0.0086793 0.2621871 0.2946607 0.0280614 0.0030633
4.1407035 0.0002517 0.0000945 0.0121143 0.0192773 0.3768579 0.0085067 0.2617991 0.2934874 0.0278628 0.0030479
4.1809045 0.0002561 0.0000944 0.0123360 0.0192498 0.3785852 0.0083375 0.2614253 0.2923059 0.0276659 0.0030325
4.2211055 0.0002606 0.0000944 0.0125625 0.0192208 0.3802980 0.0081716 0.2610652 0.2911168 0.0274708 0.0030172
4.2613065 0.0002649 0.0000943 0.0127937 0.0191903 0.3819962 0.0080088 0.2607183 0.2899209 0.0272774 0.0030019
4.3015075 0.0002692 0.0000942 0.0130299 0.0191584 0.3836795 0.0078493 0.2603841 0.2887187 0.0270858 0.0029867
4.3417085 0.0002734 0.0000942 0.0132711 0.0191251 0.3853478 0.0076930 0.2600621 0.2875108 0.0268960 0.0029716
4.3819095 0.0002776 0.0000941 0.0135175 0.0190905 0.3870007 0.0075398 0.2597517 0.2862978 0.0267080 0.0029565
4.4221106 0.0002817 0.0000940 0.0137690 0.0190546 0.3886382 0.0073896 0.2594526 0.2850802 0.0265217 0.0029414
4.4623116 0.0002857 0.0000940 0.0140258 0.0190174 0.3902601 0.0072425 0.2591642 0.2838587 0.0263373 0.0029265
4.5025126 0.0002897 0.0000939 0.0142880 0.0189791 0.3918663 0.0070983 0.2588860 0.2826337 0.0261546 0.0029116
4.5427136 0.0002936 0.0000939 0.0145557 0.0189396 0.3934565 0.0069571 0.2586176 0.2814059 0.0259738 0.0028968
4.5829146 0.0002975 0.0000938 0.0148289 0.0188990 0.3950306 0.0068188 0.2583585 0.2801756 0.0257947 0.0028820
4.6231156 0.0003013 0.0000937 0.0151079 0.0188573 0.3965886 0.0066834 0.2581083 0.2789434 0.0256174 0.0028674
4.6633166 0.0003051 0.0000937 0.0153926 0.0188146 0.3981303 0.0065508 0.2578664 0.2777098 0.0254419 0.0028528
4.7035176 0.0003087 0.0000936 0.0156832 0.0187709 0.3996555 0.0064209 0.2576325 0.2764752 0.0252682 0.0028383
4.7437186 0.0003124 0.0000935 0.0159798 0.0187263 0.4011642 0.0062938 0.2574060 0.2752401 0.0250962 0.0028238
4.7839196 0.0003160 0.0000935 0.0162824 0.0186808 0.4026563 0.0061693 0.2571866 0.2740050 0.0249261 0.0028095
4.8241206 0.0003195 0.0000934 0.0165913 0.0186344 0.4041317 0.0060474 0.2569739 0.2727701 0.0247577 0.0027952
4.8643216 0.0003230 0.0000934 0.0169064 0.0185872 0.4055904 0.0059282 0.2567674 0.2715360 0.0245910 0.0027810
4.9045226 0.0003264 0.0000933 0.0172279 0.0185392 0.4070322 0.0058115 0.2565666 0.2703030 0.0244262 0.0027669
4.9447236 0.0003298 0.0000933 0.0175560 0.0184905 0.4084571 0.0056973 0.2563713 0.2690716 0.0242630 0.0027529
4.9849246 0.0003331 0.0000932 0.0178906 0.0184410 0.4098652 0.0055855 0.2561810 0.2678419 0.0241016 0.0027390
5.0251256 0.0003364 0.0000932 0.0182320 0.0183909 0.4112562 0.0054761 0.2559952 0.2666145 0.0239420 0.0027252
5.0653266 0.0003396 0.0000931 0.0185801 0.0183401 0.4126302 0.0053691 0.2558137 0.2653895 0.0237841 0.0027115
5.1055276 0.0003428 0.0000931 0.0189353 0.0182887 0.4139873 0.0052645 0.2556360 0.2641674 0.0236278 0.0026978
5.1457286 0.0003459 0.0000931 0.0192974 0.0182367 0.4153272 0.0051620 0.2554618 0.2629484 0.0234733 0.0026843
5.1859296 0.0003490 0.0000930 0.0196668 0.0181842 0.4166502 0.0050619 0.2552907 0.2617328 0.0233205 0.0026708
5.2261307 0.0003520 0.0000930 0.0200434 0.0181312 0.4179561 0.0049639 0.2551223 0.2605209 0.0231693 0.0026575
5.2663317 0.0003550 0.0000930 0.0204274 0.0180777 0.4192449 0.0048680 0.2549563 0.2593129 0.0230199 0.0026442
5.3065327 0.0003579 0.0000929 0.0208189 0.0180237 0.4205168 0.0047743 0.2547923 0.2581090 0.0228720 0.0026310
5.3467337 0.0003609 0.0000929 0.0212181 0.0179693 0.4217716 0.0046826 0.2546301 0.2569095 0.0227258 0.0026180
5.3869347 0.0003637 0.0000929 0.0216250 0.0179145 0.4230095 0.0045930 0.2544693 0.2557147 0.0225813 0.0026050
5.4271357 0.0003665 0.0000929 0.0220397 0.0178593 0.4242304 0.0045053 0.2543095 0.2545246 0.0224383 0.0025921
5.4673367 0.0003693 0.0000929 0.0224625 0.0178038 0.4254344 0.0044196 0.2541505 0.2533395 0.0222969 0.0025793
5.5075377 0.0003721 0.0000929 0.0228934 0.0177480 0.4266215 0.0043357 0.2539919 0.2521595 0.0221571 0.0025667
5.5477387 0.0003748 0.0000929 0.0233325 0.0176918 0.4277918 0.0042538 0.2538334 0.2509849 0.0220189 0.0025541
5.5879397 0.0003775 0.0000929 0.0237799 0.0176354 0.4289454 0.0041736 0.2536748 0.2498157 0.0218822 0.0025416
5.6281407 0.0003801 0.0000929 0.0242359 0.0175787 0.4300823 0.0040952 0.2535158 0.2486521 0.0217471 0.0025292
5.6683417 0.0003827 0.0000929 0.0247004 0.0175218 0.4312026 0.0040186 0.2533560 0.2474942 0.0216135 0.0025170
5.7085427 0.0003853 0.0000929 0.0251737 0.0174647 0.4323063 0.0039437 0.2531953 0.2463421 0.0214813 0.0025048
5.7487437 0.0003878 0.0000930 0.0256558 0.0174074 0.4333935 0.0038704 0.2530332 0.2451960 0.0213507 0.0024927
5.7889447 0.0003903 0.0000930 0.0261470 0.0173498 0.4344643 0.0037988 0.2528697 0.2440559 0.0212215 0.0024807
5.8291457 0.0003928 0.0000930 0.0266473 0.0172922 0.4355188 0.0037288 0.2527043 0.2429219 0.0210938 0.0024688
5.8693467 0.0003952 0.0000931 0.0271568 0.0172344 0.4365570 0.0036603 0.2525369 0.2417941 0.0209674 0.0024570
5.9095477 0.0003976 0.0000931 0.0276757 0.0171764 0.4375792 0.0035934 0.2523672 0.2406725 0.0208425 0.0024453
5.9497487 0.0004000 0.0000931 0.0282041 0.0171184 0.4385852 0.0035279 0.2521950 0.2395572 0.0207190 0.0024337
5.9899497 0.0004023 0.0000932 0.0287422 0.0170602 0.4395754 0.0034640 0.2520200 0.2384482 0.0205968 0.0024222
6.0301508 0.0004046 0.0000933 0.0292900 0.0170020 0.4405496 0.0034014 0.2518421 0.2373456 0.0204760 0.0024108
6.0703518 0.0004069 0.0000933 0.0298478 0.0169437 0.4415082 0.0033403 0.2516609 0.2362494 0.0203565 0.0023995
6.1105528 0.0004092 0.0000934 0.0304156 0.0168853 0.4424511 0.0032805 0.2514763 0.2351595 0.0202383 0.0023883
6.1507538 0.0004114 0.0000935 0.0309936 0.0168269 0.4433784 0.0032220 0.2512881 0.2340760 0.0201214 0.0023771
6.1909548 0.0004136 0.0000936 0.0315820 0.0167684 0.4442904 0.0031649 0.2510960 0.2329990 0.0200058 0.0023661
6.2311558 0.0004158 0.0000936 0.0321808 0.0167099 0.4451871 0.0031090 0.2508999 0.2319283 0.0198914 0.0023551
6.2713568 0.0004179 0.0000937 0.0327902 0.0166514 0.4460685 0.0030543 0.2506995 0.2308640 0.0197783 0.0023443
6.3115578 0.0004201 0.0000938 0.0334103 0.0165928 0.4469350 0.0030009 0.2504947 0.2298060 0.0196664 0.0023335
6.3517588 0.0004222 0.0000939 0.0340413 0.0165343 0.4477864 0.0029487 0.2502853 0.2287544 0.0195556 0.0023228
6.3919598 0.0004243 0.0000941 0.0346833 0.0164757 0.4486231 0.0028976 0.2500711 0.2277091 0.0194460 0.0023122
6.4321608 0.0004263 0.0000942 0.0353365 0.0164172 0.4494451 0.0028477 0.2498519 0.2266699 0.0193376 0.0023017
6.4723618 0.0004284 0.0000943 0.0360010 0.0163587 0.4502525 0.0027988 0.2496275 0.2256370 0.0192303 0.0022913
6.5125628 0.0004304 0.0000944 0.0366768 0.0163002 0.4510454 0.0027510 0.2493978 0.2246102 0.0191240 0.0022809
6.5527638 0.0004324 0.0000946 0.0373643 0.0162417 0.4518241 0.0027043 0.2491626 0.2235895 0.0190189 0.0022707
6.5929648 0.0004344 0.0000947 0.0380635 0.0161832 0.4525886 0.0026586 0.2489218 0.2225747 0.0189148 0.0022605
6.6331658 0.0004363 0.0000949 0.0387744 0.0161248 0.4533390 0.0026140 0.2486751 0.2215660 0.0188118 0.0022504
6.6733668 0.0004383 0.0000950 0.0394974 0.0160664 0.4540755 0.0025703 0.2484225 0.2205630 0.0187098 0.0022404
6.7135678 0.0004402 0.0000952 0.0402325 0.0160081 0.4547983 0.0025275 0.2481638 0.2195659 0.0186088 0.0022304
6.7537688 0.0004421 0.0000953 0.0409799 0.0159498 0.4555074 0.0024857 0.2478988 0.2185744 0.0185088 0.0022205
6.7939698 0.0004440 0.0000955 0.0417396 0.0158915 0.4562029 0.0024448 0.2476274 0.2175886 0.0184097 0.0022107
6.8341709 0.0004459 0.0000957 0.0425119 0.0158333 0.4568851 0.0024048 0.2473495 0.2166082 0.0183116 0.0022010
6.8743719 0.0004478 0.0000959 0.0432969 0.0157751 0.4575541 0.0023656 0.2470649 0.2156333 0.0182144 0.0021914
6.9145729 0.0004497 0.0000960 0.0440946 0.0157169 0.4582099 0.0023273 0.2467735 0.2146637 0.0181180 0.0021818
6.9547739 0.0004515 0.0000962 0.0449053 0.0156588 0.4588527 0.0022898 0.2464752 0.2136993 0.0180226 0.0021723
6.9949749 0.0004533 0.0000964 0.0457290 0.0156008 0.4594828 0.0022532 0.2461698 0.2127400 0.0179280 0.0021628
7.0351759 0.0004551 0.0000966 0.0465660 0.0155427 0.4601001 0.0022173 0.2458573 0.2117857 0.0178343 0.0021534
7.0753769 0.0004569 0.0000969 0.0474163 0.0154848 0.4607048 0.0021822 0.2455374 0.2108364 0.0177413 0.0021441
7.1155779 0.0004587 0.0000971 0.0482801 0.0154268 0.4612971 0.0021478 0.2452102 0.2098917 0.0176492 0.0021349
7.1557789 0.0004605 0.0000973 0.0491574 0.0153689 0.4618771 0.0021142 0.2448755 0.2089518 0.0175578 0.0021257
7.1959799 0.0004623 0.0000975 0.0500485 0.0153111 0.4624450 0.0020812 0.2445331 0.2080164 0.0174672 0.0021165
7.2361809 0.0004640 0.0000978 0.0509534 0.0152532 0.4630008 0.0020490 0.2441831 0.2070854 0.0173773 0.0021075
7.2763819 0.0004658 0.0000980 0.0518723 0.0151954 0.4635448 0.0020174 0.2438252 0.2061588 0.0172881 0.0020984
7.3165829 0.0004675 0.0000983 0.0528053 0.0151377 0.4640769 0.0019865 0.2434594 0.2052363 0.0171997 0.0020895
7.3567839 0.0004693 0.0000985 0.0537525 0.0150799 0.4645975 0.0019563 0.2430856 0.2043179 0.0171119 0.0020806
7.3969849 0.0004710 0.0000988 0.0547140 0.0150222 0.4651065 0.0019267 0.2427037 0.2034034 0.0170247 0.0020717
7.4371859 0.0004727 0.0000990 0.0556900 0.0149645 0.4656042 0.0018976 0.2423136 0.2024928 0.0169382 0.0020629
7.4773869 0.0004744 0.0000993 0.0566805 0.0149068 0.4660907 0.0018692 0.2419152 0.2015858 0.0168524 0.0020541
7.5175879 0.0004761 0.0000996 0.0576857 0.0148491 0.4665661 0.0018414 0.2415085 0.2006825 0.0167671 0.0020454
7.5577889 0.0004778 0.0000998 0.0587057 0.0147915 0.4670305 0.0018141 0.2410934 0.1997825 0.0166824 0.0020368
7.5979899 0.0004795 0.0001001 0.0597406 0.0147338 0.4674841 0.0017874 0.2406697 0.1988859 0.0165983 0.0020282
7.6381910 0.0004812 0.0001004 0.0607905 0.0146762 0.4679270 0.0017613 0.2402375 0.1979925 0.0165147 0.0020196
7.6783920 0.0004829 0.0001007 0.0618554 0.0146185 0.4683594 0.0017356 0.2397967 0.1971021 0.0164316 0.0020111
7.7185930 0.0004846 0.0001010 0.0629355 0.0145608 0.4687812 0.0017105 0.2393471 0.1962147 0.0163491 0.0020026
7.7587940 0.0004862 0.0001013 0.0640310 0.0145032 0.4691928 0.0016859 0.2388888 0.1953301 0.0162671 0.0019941
7.7989950 0.0004879 0.0001016 0.0651417 0.0144455 0.4695942 0.0016617 0.2384216 0.1944482 0.0161855 0.0019857
7.8391960 0.0004896 0.0001019 0.0662680 0.0143877 0.4699855 0.0016381 0.2379456 0.1935688 0.0161044 0.0019773
7.8793970 0.0004912 0.0001022 0.0674097 0.0143300 0.4703668 0.0016149 0.2374606 0.1926919 0.0160237 0.0019690
7.9195980 0.0004929 0.0001026 0.0685671 0.0142722 0.4707384 0.0015921 0.2369667 0.1918174 0.0159435 0.0019607
7.9597990 0.0004946 0.0001029 0.0697402 0.0142144 0.4711003 0.0015698 0.2364637 0.1909450 0.0158637 0.0019524
8.0000000 0.0004962 0.0001032 0.0709290 0.0141566 0.4714525 0.0015480 0.2359517 0.1900747 0.0157843 0.0019441
