0.0000000 -0.0008978 0.0000522 0.0019663 0.0313603 0.2783657 0.0314722 0.2784783 0.3154313 0.0628737 0.0047718
0.0402010 -0.0008809 0.0000525 0.0019959 0.0311124 0.2786105 0.0312222 0.2787209 0.3159094 0.0623762 0.0047569
0.0804020 -0.0008640 0.0000529 0.0020263 0.0308652 0.2788569 0.0309729 0.2789652 0.3163806 0.0618800 0.0047418
0.1206030 -0.0008471 0.0000532 0.0020576 0.0306187 0.2791050 0.0307243 0.2792112 0.3168449 0.0613852 0.0047265
0.1608040 -0.0008303 0.0000536 0.0020897 0.0303729 0.2793548 0.0304764 0.2794588 0.3173019 0.0608919 0.0047110
0.2010050 -0.0008135 0.0000540 0.0021228 0.0301279 0.2796063 0.0302293 0.2797082 0.3177514 0.0604002 0.0046954
0.2412060 -0.0007967 0.0000544 0.0021567 0.0298837 0.2798595 0.0299831 0.2799593 0.3181933 0.0599102 0.0046796
0.2814070 -0.0007800 0.0000548 0.0021915 0.0296404 0.2801143 0.0297377 0.2802120 0.3186273 0.0594219 0.0046636
0.3216080 -0.0007633 0.0000552 0.0022273 0.0293980 0.2803709 0.0294933 0.2804665 0.3190533 0.0589355 0.0046475
0.3618090 -0.0007467 0.0000556 0.0022640 0.0291566 0.2806292 0.0292498 0.2807227 0.3194709 0.0584510 0.0046312
0.4020101 -0.0007301 0.0000560 0.0023017 0.0289162 0.2808893 0.0290074 0.2809807 0.3198801 0.0579686 0.0046148
0.4422111 -0.0007135 0.0000565 0.0023404 0.0286769 0.2811510 0.0287660 0.2812403 0.3202806 0.0574884 0.0045982
0.4824121 -0.0006970 0.0000569 0.0023800 0.0284387 0.2814144 0.0285257 0.2815017 0.3206723 0.0570103 0.0045815
0.5226131 -0.0006806 0.0000573 0.0024207 0.0282016 0.2816796 0.0282866 0.2817648 0.3210548 0.0565345 0.0045646
0.5628141 -0.0006642 0.0000578 0.0024624 0.0279657 0.2819465 0.0280486 0.2820296 0.3214282 0.0560611 0.0045477
0.6030151 -0.0006479 0.0000583 0.0025052 0.0277310 0.2822151 0.0278119 0.2822962 0.3217922 0.0555902 0.0045306
0.6432161 -0.0006317 0.0000588 0.0025490 0.0274975 0.2824855 0.0275764 0.2825645 0.3221465 0.0551217 0.0045133
0.6834171 -0.0006155 0.0000593 0.0025940 0.0272654 0.2827575 0.0273423 0.2828345 0.3224911 0.0546559 0.0044960
0.7236181 -0.0005994 0.0000598 0.0026400 0.0270346 0.2830313 0.0271095 0.2831063 0.3228258 0.0541928 0.0044785
0.7638191 -0.0005834 0.0000603 0.0026872 0.0268051 0.2833068 0.0268780 0.2833797 0.3231504 0.0537324 0.0044610
0.8040201 -0.0005674 0.0000608 0.0027356 0.0265771 0.2835840 0.0266480 0.2836549 0.3234648 0.0532748 0.0044433
0.8442211 -0.0005515 0.0000613 0.0027851 0.0263505 0.2838629 0.0264194 0.2839319 0.3237689 0.0528201 0.0044256
0.8844221 -0.0005357 0.0000619 0.0028358 0.0261253 0.2841435 0.0261923 0.2842105 0.3240624 0.0523684 0.0044077
0.9246231 -0.0005200 0.0000624 0.0028877 0.0259017 0.2844258 0.0259667 0.2844908 0.3243452 0.0519196 0.0043898
0.9648241 -0.0005044 0.0000630 0.0029409 0.0256795 0.2847098 0.0257426 0.2847729 0.3246173 0.0514740 0.0043718
1.0050251 -0.0004888 0.0000635 0.0029954 0.0254590 0.2849955 0.0255201 0.2850566 0.3248785 0.0510314 0.0043537
1.0452261 -0.0004734 0.0000641 0.0030511 0.0252400 0.2852828 0.0252992 0.2853420 0.3251287 0.0505921 0.0043355
1.0854271 -0.0004580 0.0000647 0.0031082 0.0250226 0.2855718 0.0250799 0.2856291 0.3253678 0.0501560 0.0043173
1.1256281 -0.0004428 0.0000653 0.0031666 0.0248068 0.2858625 0.0248622 0.2859178 0.3255957 0.0497231 0.0042990
1.1658291 -0.0004276 0.0000659 0.0032264 0.0245927 0.2861547 0.0246462 0.2862082 0.3258122 0.0492937 0.0042807
1.2060302 -0.0004126 0.0000665 0.0032876 0.0243803 0.2864486 0.0244319 0.2865001 0.3260173 0.0488676 0.0042623
1.2462312 -0.0003976 0.0000671 0.0033502 0.0241696 0.2867441 0.0242194 0.2867937 0.3262110 0.0484449 0.0042439
1.2864322 -0.0003828 0.0000678 0.0034143 0.0239606 0.2870411 0.0240085 0.2870889 0.3263931 0.0480257 0.0042254
1.3266332 -0.0003680 0.0000684 0.0034799 0.0237534 0.2873397 0.0237994 0.2873856 0.3265635 0.0476100 0.0042069
1.3668342 -0.0003534 0.0000691 0.0035469 0.0235479 0.2876398 0.0235921 0.2876839 0.3267223 0.0471979 0.0041884
1.4070352 -0.0003388 0.0000697 0.0036156 0.0233442 0.2879414 0.0233866 0.2879837 0.3268694 0.0467893 0.0041699
1.4472362 -0.0003244 0.0000704 0.0036858 0.0231423 0.2882445 0.0231830 0.2882850 0.3270047 0.0463844 0.0041513
1.4874372 -0.0003101 0.0000711 0.0037576 0.0229422 0.2885491 0.0229811 0.2885877 0.3271281 0.0459831 0.0041327
1.5276382 -0.0002959 0.0000718 0.0038310 0.0227440 0.2888550 0.0227811 0.2888919 0.3272397 0.0455855 0.0041141
1.5678392 -0.0002819 0.0000725 0.0039061 0.0225476 0.2891624 0.0225829 0.2891975 0.3273395 0.0451916 0.0040956
1.6080402 -0.0002679 0.0000732 0.0039829 0.0223530 0.2894711 0.0223866 0.2895044 0.3274273 0.0448014 0.0040770
1.6482412 -0.0002541 0.0000740 0.0040615 0.0221603 0.2897811 0.0221922 0.2898127 0.3275033 0.0444150 0.0040584
1.6884422 -0.0002404 0.0000747 0.0041418 0.0219695 0.2900924 0.0219997 0.2901223 0.3275674 0.0440324 0.0040398
1.7286432 -0.0002268 0.0000755 0.0042239 0.0217805 0.2904049 0.0218090 0.2904331 0.3276195 0.0436535 0.0040213
1.7688442 -0.0002133 0.0000762 0.0043079 0.0215935 0.2907186 0.0216203 0.2907451 0.3276599 0.0432785 0.0040028
1.8090452 -0.0001999 0.0000770 0.0043938 0.0214083 0.2910335 0.0214335 0.2910583 0.3276883 0.0429073 0.0039843
1.8492462 -0.0001867 0.0000778 0.0044815 0.0212251 0.2913495 0.0212486 0.2913726 0.3277050 0.0425399 0.0039658
1.8894472 -0.0001736 0.0000786 0.0045713 0.0210437 0.2916665 0.0210657 0.2916880 0.3277098 0.0421764 0.0039474
1.9296482 -0.0001606 0.0000794 0.0046630 0.0208643 0.2919845 0.0208846 0.2920044 0.3277030 0.0418167 0.0039290
1.9698492 -0.0001478 0.0000803 0.0047568 0.0206868 0.2923035 0.0207055 0.2923217 0.3276844 0.0414609 0.0039106
2.0100503 -0.0001351 0.0000811 0.0048527 0.0205112 0.2926234 0.0205284 0.2926400 0.3276542 0.0411090 0.0038923
2.0502513 -0.0001225 0.0000820 0.0049507 0.0203375 0.2929441 0.0203532 0.2929591 0.3276125 0.0407609 0.0038741
2.0904523 -0.0001100 0.0000828 0.0050508 0.0201658 0.2932657 0.0201799 0.2932791 0.3275592 0.0404168 0.0038559
2.1306533 -0.0000977 0.0000837 0.0051532 0.0199960 0.2935879 0.0200085 0.2935997 0.3274946 0.0400764 0.0038377
2.1708543 -0.0000855 0.0000846 0.0052578 0.0198280 0.2939108 0.0198391 0.2939211 0.3274186 0.0397400 0.0038197
2.2110553 -0.0000734 0.0000855 0.0053647 0.0196621 0.2942343 0.0196717 0.2942430 0.3273313 0.0394074 0.0038017
2.2512563 -0.0000615 0.0000865 0.0054739 0.0194980 0.2945583 0.0195062 0.2945655 0.3272329 0.0390787 0.0037837
2.2914573 -0.0000497 0.0000874 0.0055856 0.0193358 0.2948828 0.0193426 0.2948885 0.3271235 0.0387538 0.0037659
2.3316583 -0.0000380 0.0000883 0.0056997 0.0191756 0.2952077 0.0191809 0.2952119 0.3270031 0.0384328 0.0037481
2.3718593 -0.0000265 0.0000893 0.0058162 0.0190172 0.2955329 0.0190211 0.2955356 0.3268719 0.0381157 0.0037304
2.4120603 -0.0000150 0.0000903 0.0059354 0.0188608 0.2958583 0.0188633 0.2958596 0.3267300 0.0378023 0.0037128
2.4522613 -0.0000038 0.0000913 0.0060571 0.0187062 0.2961840 0.0187074 0.2961837 0.3265776 0.0374928 0.0036952
2.4924623 0.0000074 0.0000923 0.0061814 0.0185535 0.2965097 0.0185533 0.2965080 0.3264146 0.0371871 0.0036778
2.5326633 0.0000184 0.0000933 0.0063084 0.0184027 0.2968354 0.0184012 0.2968323 0.3262414 0.0368852 0.0036604
2.5728643 0.0000293 0.0000944 0.0064382 0.0182538 0.2971610 0.0182510 0.2971565 0.3260580 0.0365870 0.0036432
2.6130653 0.0000401 0.0000955 0.0065708 0.0181067 0.2974865 0.0181026 0.2974806 0.3258646 0.0362926 0.0036260
2.6532663 0.0000507 0.0000965 0.0067063 0.0179615 0.2978118 0.0179561 0.2978045 0.3256613 0.0360019 0.0036090
2.6934673 0.0000612 0.0000976 0.0068447 0.0178181 0.2981368 0.0178115 0.2981281 0.3254482 0.0357150 0.0035920
2.7336683 0.0000716 0.0000988 0.0069860 0.0176766 0.2984613 0.0176687 0.2984513 0.3252256 0.0354317 0.0035752
2.7738693 0.0000818 0.0000999 0.0071304 0.0175369 0.2987853 0.0175278 0.2987740 0.3249936 0.0351522 0.0035585
2.8140704 0.0000919 0.0001010 0.0072778 0.0173989 0.2991088 0.0173887 0.2990961 0.3247523 0.0348762 0.0035418
2.8542714 0.0001019 0.0001022 0.0074285 0.0172628 0.2994316 0.0172514 0.2994176 0.3245020 0.0346040 0.0035253
2.8944724 0.0001117 0.0001034 0.0075823 0.0171285 0.2997536 0.0171159 0.2997383 0.3242427 0.0343353 0.0035089
2.9346734 0.0001215 0.0001046 0.0077394 0.0169959 0.3000748 0.0169822 0.3000582 0.3239747 0.0340702 0.0034926
2.9748744 0.0001311 0.0001058 0.0078999 0.0168651 0.3003950 0.0168502 0.3003771 0.3236982 0.0338086 0.0034765
3.0150754 0.0001405 0.0001071 0.0080638 0.0167361 0.3007142 0.0167201 0.3006950 0.3234132 0.0335506 0.0034604
3.0552764 0.0001499 0.0001084 0.0082311 0.0166087 0.3010322 0.0165916 0.3010118 0.3231201 0.0332961 0.0034445
3.0954774 0.0001591 0.0001097 0.0084020 0.0164831 0.3013490 0.0164650 0.3013274 0.3228189 0.0330450 0.0034287
3.1356784 0.0001682 0.0001110 0.0085765 0.0163592 0.3016644 0.0163400 0.3016416 0.3225098 0.0327974 0.0034130
3.1758794 0.0001772 0.0001123 0.0087547 0.0162370 0.3019785 0.0162167 0.3019544 0.3221931 0.0325532 0.0033974
3.2160804 0.0001860 0.0001137 0.0089367 0.0161164 0.3022909 0.0160952 0.3022657 0.3218690 0.0323124 0.0033820
3.2562814 0.0001948 0.0001150 0.0091225 0.0159975 0.3026018 0.0159753 0.3025754 0.3215375 0.0320750 0.0033667
3.2964824 0.0002034 0.0001164 0.0093122 0.0158803 0.3029109 0.0158571 0.3028833 0.3211989 0.0318409 0.0033515
3.3366834 0.0002119 0.0001179 0.0095058 0.0157647 0.3032182 0.0157405 0.3031894 0.3208534 0.0316100 0.0033365
3.3768844 0.0002202 0.0001193 0.0097036 0.0156507 0.3035236 0.0156255 0.3034937 0.3205012 0.0313825 0.0033216
3.4170854 0.0002285 0.0001208 0.0099054 0.0155382 0.3038269 0.0155122 0.3037959 0.3201425 0.0311581 0.0033068
3.4572864 0.0002366 0.0001223 0.0101115 0.0154274 0.3041281 0.0154004 0.3040960 0.3197773 0.0309370 0.0032921
3.4974874 0.0002446 0.0001238 0.0103219 0.0153181 0.3044271 0.0152902 0.3043938 0.3194060 0.0307190 0.0032776
3.5376884 0.0002525 0.0001253 0.0105366 0.0152104 0.3047238 0.0151816 0.3046894 0.3190287 0.0305042 0.0032632
3.5778894 0.0002603 0.0001269 0.0107558 0.0151042 0.3050180 0.0150746 0.3049825 0.3186456 0.0302924 0.0032490
3.6180905 0.0002680 0.0001285 0.0109796 0.0149995 0.3053097 0.0149690 0.3052731 0.3182569 0.0300837 0.0032349
3.6582915 0.0002756 0.0001301 0.0112080 0.0148963 0.3055987 0.0148650 0.3055611 0.3178628 0.0298781 0.0032209
3.6984925 0.0002831 0.0001318 0.0114411 0.0147945 0.3058850 0.0147624 0.3058464 0.3174633 0.0296754 0.0032070
3.7386935 0.0002904 0.0001335 0.0116790 0.0146943 0.3061685 0.0146614 0.3061289 0.3170588 0.0294757 0.0031933
3.7788945 0.0002977 0.0001352 0.0119218 0.0145954 0.3064491 0.0145617 0.3064084 0.3166494 0.0292789 0.0031797
3.8190955 0.0003048 0.0001369 0.0121696 0.0144980 0.3067267 0.0144636 0.3066849 0.3162353 0.0290850 0.0031663
3.8592965 0.0003118 0.0001387 0.0124225 0.0144020 0.3070011 0.0143668 0.3069583 0.3158166 0.0288940 0.0031530
3.8994975 0.0003188 0.0001405 0.0126806 0.0143074 0.3072723 0.0142714 0.3072285 0.3153935 0.0287057 0.0031398
3.9396985 0.0003256 0.0001423 0.0129440 0.0142141 0.3075401 0.0141775 0.3074954 0.3149662 0.0285203 0.0031267
3.9798995 0.0003323 0.0001442 0.0132127 0.0141222 0.3078046 0.0140849 0.3077589 0.3145348 0.0283376 0.0031138
4.0201005 0.0003389 0.0001461 0.0134870 0.0140317 0.3080656 0.0139936 0.3080189 0.3140996 0.0281576 0.0031010
4.0603015 0.0003455 0.0001480 0.0137668 0.0139424 0.3083229 0.0139037 0.3082753 0.3136606 0.0279804 0.0030884
4.1005025 0.0003519 0.0001499 0.0140523 0.0138545 0.3085765 0.0138151 0.3085280 0.3132180 0.0278057 0.0030759
4.1407035 0.0003582 0.0001519 0.0143436 0.0137678 0.3088264 0.0137277 0.3087769 0.3127720 0.0276337 0.0030635
4.1809045 0.0003645 0.0001540 0.0146407 0.0136824 0.3090723 0.0136417 0.3090219 0.3123228 0.0274642 0.0030512
4.2211055 0.0003706 0.0001560 0.0149439 0.0135982 0.3093143 0.0135569 0.3092630 0.3118704 0.0272972 0.0030391
4.2613065 0.0003767 0.0001581 0.0152532 0.0135153 0.3095522 0.0134734 0.3095000 0.3114150 0.0271328 0.0030271
4.3015075 0.0003827 0.0001602 0.0155688 0.0134336 0.3097860 0.0133910 0.3097328 0.3109568 0.0269708 0.0030153
4.3417085 0.0003885 0.0001624 0.0158906 0.0133530 0.3100155 0.0133099 0.3099614 0.3104958 0.0268113 0.0030035
4.3819095 0.0003943 0.0001646 0.0162190 0.0132737 0.3102406 0.0132300 0.3101857 0.3100323 0.0266542 0.0029919
4.4221106 0.0004000 0.0001668 0.0165539 0.0131955 0.3104613 0.0131512 0.3104056 0.3095663 0.0264994 0.0029805
4.4623116 0.0004056 0.0001691 0.0168955 0.0131184 0.3106775 0.0130736 0.3106209 0.3090980 0.0263469 0.0029691
4.5025126 0.0004112 0.0001714 0.0172439 0.0130424 0.3108892 0.0129971 0.3108317 0.3086275 0.0261968 0.0029579
4.5427136 0.0004166 0.0001738 0.0175992 0.0129676 0.3110961 0.0129217 0.3110378 0.3081549 0.0260489 0.0029468
4.5829146 0.0004220 0.0001762 0.0179616 0.0128938 0.3112983 0.0128475 0.3112391 0.3076803 0.0259032 0.0029358
4.6231156 0.0004273 0.0001786 0.0183312 0.0128211 0.3114956 0.0127743 0.3114356 0.3072039 0.0257597 0.0029249
4.6633166 0.0004325 0.0001811 0.0187081 0.0127495 0.3116880 0.0127021 0.3116272 0.3067256 0.0256183 0.0029142
4.7035176 0.0004376 0.0001836 0.0190925 0.0126789 0.3118753 0.0126311 0.3118138 0.3062457 0.0254791 0.0029036
4.7437186 0.0004427 0.0001861 0.0194845 0.0126093 0.3120576 0.0125610 0.3119953 0.3057642 0.0253420 0.0028931
4.7839196 0.0004477 0.0001887 0.0198841 0.0125407 0.3122347 0.0124920 0.3121716 0.3052812 0.0252069 0.0028827
4.8241206 0.0004526 0.0001914 0.0202916 0.0124731 0.3124066 0.0124239 0.3123427 0.3047968 0.0250739 0.0028725
4.8643216 0.0004574 0.0001941 0.0207071 0.0124064 0.3125732 0.0123568 0.3125084 0.3043111 0.0249428 0.0028623
4.9045226 0.0004622 0.0001968 0.0211308 0.0123407 0.3127343 0.0122907 0.3126688 0.3038242 0.0248137 0.0028523
4.9447236 0.0004669 0.0001996 0.0215627 0.0122760 0.3128900 0.0122255 0.3128237 0.3033361 0.0246865 0.0028424
4.9849246 0.0004715 0.0002024 0.0220030 0.0122121 0.3130401 0.0121613 0.3129731 0.3028469 0.0245611 0.0028326
5.0251256 0.0004760 0.0002053 0.0224519 0.0121492 0.3131846 0.0120979 0.3131168 0.3023566 0.0244377 0.0028229
5.0653266 0.0004805 0.0002082 0.0229095 0.0120871 0.3133234 0.0120355 0.3132549 0.3018654 0.0243160 0.0028133
5.1055276 0.0004850 0.0002112 0.0233759 0.0120259 0.3134565 0.0119739 0.3133872 0.3013732 0.0241962 0.0028038
5.1457286 0.0004893 0.0002142 0.0238514 0.0119655 0.3135837 0.0119132 0.3135137 0.3008802 0.0240781 0.0027944
5.1859296 0.0004937 0.0002173 0.0243361 0.0119060 0.3137050 0.0118533 0.3136343 0.3003864 0.0239617 0.0027852
5.2261307 0.0004979 0.0002204 0.0248300 0.0118473 0.3138203 0.0117942 0.3137489 0.2998917 0.0238471 0.0027760
5.2663317 0.0005021 0.0002236 0.0253335 0.0117894 0.3139296 0.0117360 0.3138575 0.2993964 0.0237341 0.0027669
5.3065327 0.0005062 0.0002268 0.0258466 0.0117323 0.3140328 0.0116786 0.3139600 0.2989003 0.0236227 0.0027580
5.3467337 0.0005103 0.0002301 0.0263695 0.0116760 0.3141298 0.0116219 0.3140563 0.2984035 0.0235130 0.0027491
5.3869347 0.0005143 0.0002334 0.0269023 0.0116204 0.3142206 0.0115660 0.3141464 0.2979061 0.0234048 0.0027403
5.4271357 0.0005183 0.0002368 0.0274453 0.0115655 0.3143051 0.0115108 0.3142302 0.2974081 0.0232981 0.0027316
5.4673367 0.0005222 0.0002402 0.0279987 0.0115114 0.3143832 0.0114564 0.3143076 0.2969095 0.0231930 0.0027231
5.5075377 0.0005260 0.0002437 0.0285625 0.0114580 0.3144549 0.0114027 0.3143786 0.2964103 0.0230893 0.0027146
5.5477387 0.0005299 0.0002473 0.0291369 0.0114053 0.3145201 0.0113497 0.3144431 0.2959104 0.0229871 0.0027062
5.5879397 0.0005336 0.0002509 0.0297222 0.0113532 0.3145787 0.0112974 0.3145011 0.2954101 0.0228864 0.0026979
5.6281407 0.0005373 0.0002546 0.0303185 0.0113018 0.3146307 0.0112458 0.3145525 0.2949091 0.0227870 0.0026897
5.6683417 0.0005410 0.0002583 0.0309260 0.0112511 0.3146761 0.0111948 0.3145972 0.2944076 0.0226890 0.0026815
5.7085427 0.0005446 0.0002621 0.0315449 0.0112010 0.3147147 0.0111445 0.3146351 0.2939055 0.0225923 0.0026735
5.7487437 0.0005482 0.0002659 0.0321753 0.0111516 0.3147465 0.0110947 0.3146663 0.2934028 0.0224970 0.0026655
5.7889447 0.0005517 0.0002698 0.0328174 0.0111027 0.3147714 0.0110457 0.3146906 0.2928995 0.0224029 0.0026576
5.8291457 0.0005552 0.0002738 0.0334715 0.0110544 0.3147895 0.0109972 0.3147080 0.2923956 0.0223101 0.0026498
5.8693467 0.0005587 0.0002778 0.0341377 0.0110068 0.3148005 0.0109493 0.3147184 0.2918911 0.0222185 0.0026421
5.9095477 0.0005621 0.0002819 0.0348162 0.0109596 0.3148046 0.0109019 0.3147218 0.2913859 0.0221281 0.0026345
5.9497487 0.0005654 0.0002861 0.0355072 0.0109131 0.3148015 0.0108551 0.3147181 0.2908800 0.0220389 0.0026269
5.9899497 0.0005688 0.0002903 0.0362109 0.0108670 0.3147913 0.0108089 0.3147072 0.2903735 0.0219509 0.0026194
6.0301508 0.0005720 0.0002946 0.0369275 0.0108215 0.3147739 0.0107632 0.3146892 0.2898662 0.0218640 0.0026120
6.0703518 0.0005753 0.0002990 0.0376572 0.0107765 0.3147492 0.0107180 0.3146639 0.2893581 0.0217781 0.0026046
6.1105528 0.0005785 0.0003034 0.0384002 0.0107321 0.3147172 0.0106734 0.3146313 0.2888493 0.0216933 0.0025973
6.1507538 0.0005817 0.0003079 0.0391567 0.0106880 0.3146778 0.0106292 0.3145913 0.2883395 0.0216096 0.0025901
6.1909548 0.0005849 0.0003124 0.0399269 0.0106445 0.3146310 0.0105855 0.3145438 0.2878290 0.0215269 0.0025830
6.2311558 0.0005880 0.0003171 0.0407110 0.0106014 0.3145767 0.0105422 0.3144889 0.2873174 0.0214452 0.0025759
6.2713568 0.0005911 0.0003217 0.0415093 0.0105588 0.3145149 0.0104994 0.3144265 0.2868049 0.0213645 0.0025688
6.3115578 0.0005941 0.0003265 0.0423219 0.0105166 0.3144454 0.0104571 0.3143564 0.2862914 0.0212847 0.0025619
6.3517588 0.0005972 0.0003313 0.0431490 0.0104748 0.3143683 0.0104152 0.3142787 0.2857768 0.0212058 0.0025550
6.3919598 0.0006002 0.0003362 0.0439909 0.0104335 0.3142835 0.0103737 0.3141933 0.2852610 0.0211278 0.0025481
6.4321608 0.0006032 0.0003412 0.0448478 0.0103925 0.3141910 0.0103326 0.3141001 0.2847441 0.0210507 0.0025413
6.4723618 0.0006061 0.0003463 0.0457199 0.0103519 0.3140906 0.0102919 0.3139991 0.2842259 0.0209745 0.0025345
6.5125628 0.0006091 0.0003514 0.0466074 0.0103117 0.3139823 0.0102515 0.3138902 0.2837063 0.0208991 0.0025279
6.5527638 0.0006120 0.0003566 0.0475105 0.0102719 0.3138661 0.0102116 0.3137734 0.2831854 0.0208244 0.0025212
6.5929648 0.0006148 0.0003619 0.0484295 0.0102324 0.3137419 0.0101720 0.3136486 0.2826631 0.0207506 0.0025146
6.6331658 0.0006177 0.0003672 0.0493646 0.0101933 0.3136097 0.0101327 0.3135158 0.2821392 0.0206775 0.0025081
6.6733668 0.0006205 0.0003726 0.0503160 0.0101544 0.3134693 0.0100938 0.3133749 0.2816138 0.0206052 0.0025016
6.7135678 0.0006234 0.0003781 0.0512839 0.0101159 0.3133208 0.0100552 0.3132258 0.2810867 0.0205335 0.0024951
6.7537688 0.0006262 0.0003837 0.0522686 0.0100777 0.3131642 0.0100169 0.3130685 0.2805579 0.0204626 0.0024887
6.7939698 0.0006289 0.0003893 0.0532703 0.0100398 0.3129992 0.0099789 0.3129029 0.2800272 0.0203923 0.0024823
6.8341709 0.0006317 0.0003951 0.0542892 0.0100022 0.3128259 0.0099412 0.3127291 0.2794947 0.0203227 0.0024760
6.8743719 0.0006345 0.0004009 0.0553255 0.0099649 0.3126443 0.0099037 0.3125468 0.2789602 0.0202537 0.0024697
6.9145729 0.0006372 0.0004067 0.0563795 0.0099278 0.3124542 0.0098666 0.3123562 0.2784237 0.0201854 0.0024634
6.9547739 0.0006399 0.0004127 0.0574514 0.0098909 0.3122557 0.0098296 0.3121570 0.2778851 0.0201176 0.0024572
6.9949749 0.0006426 0.0004187 0.0585414 0.0098543 0.3120486 0.0097930 0.3119493 0.2773443 0.0200503 0.0024510
7.0351759 0.0006453 0.0004248 0.0596498 0.0098180 0.3118329 0.0097566 0.3117330 0.2768012 0.0199836 0.0024448
7.0753769 0.0006480 0.0004310 0.0607768 0.0097818 0.3116086 0.0097203 0.3115081 0.2762558 0.0199175 0.0024387
7.1155779 0.0006506 0.0004373 0.0619226 0.0097459 0.3113756 0.0096844 0.3112745 0.2757079 0.0198518 0.0024326
7.1557789 0.0006533 0.0004436 0.0630875 0.0097102 0.3111339 0.0096486 0.3110322 0.2751574 0.0197867 0.0024265
7.1959799 0.0006560 0.0004501 0.0642716 0.0096747 0.3108833 0.0096130 0.3107810 0.2746044 0.0197220 0.0024204
7.2361809 0.0006586 0.0004566 0.0654753 0.0096393 0.3106239 0.0095776 0.3105209 0.2740486 0.0196577 0.0024144
7.2763819 0.0006612 0.0004632 0.0666987 0.0096041 0.3103556 0.0095424 0.3102520 0.2734901 0.0195939 0.0024084
7.3165829 0.0006638 0.0004698 0.0679422 0.0095691 0.3100783 0.0095073 0.3099741 0.2729287 0.0195305 0.0024024
7.3567839 0.0006664 0.0004766 0.0692058 0.0095343 0.3097920 0.0094724 0.3096872 0.2723643 0.0194675 0.0023964
7.3969849 0.0006691 0.0004834 0.0704899 0.0094995 0.3094966 0.0094377 0.3093912 0.2717969 0.0194049 0.0023904
7.4371859 0.0006717 0.0004903 0.0717946 0.0094650 0.3091921 0.0094031 0.3090860 0.2712263 0.0193426 0.0023845
7.4773869 0.0006743 0.0004973 0.0731203 0.0094305 0.3088784 0.0093686 0.3087717 0.2706525 0.0192807 0.0023786
7.5175879 0.0006768 0.0005043 0.0744671 0.0093962 0.3085555 0.0093343 0.3084482 0.2700754 0.0192191 0.0023727
7.5577889 0.0006794 0.0005114 0.0758352 0.0093620 0.3082233 0.0093000 0.3081154 0.2694949 0.0191578 0.0023668
7.5979899 0.0006820 0.0005187 0.0772249 0.0093279 0.3078818 0.0092659 0.3077732 0.2689109 0.0190967 0.0023609
7.6381910 0.0006846 0.0005260 0.0786364 0.0092939 0.3075309 0.0092319 0.3074217 0.2683233 0.0190360 0.0023550
7.6783920 0.0006872 0.0005333 0.0800699 0.0092599 0.3071706 0.0091980 0.3070608 0.2677320 0.0189755 0.0023491
7.7185930 0.0006898 0.0005408 0.0815256 0.0092261 0.3068008 0.0091641 0.3066904 0.2671370 0.0189153 0.0023432
7.7587940 0.0006923 0.0005483 0.0830038 0.0091923 0.3064215 0.0091303 0.3063104 0.2665381 0.0188552 0.0023374
7.7989950 0.0006949 0.0005559 0.0845046 0.0091586 0.3060327 0.0090966 0.3059209 0.2659353 0.0187954 0.0023315
7.8391960 0.0006975 0.0005636 0.0860283 0.0091249 0.3056342 0.0090630 0.3055217 0.2653285 0.0187358 0.0023256
7.8793970 0.0007001 0.0005713 0.0875750 0.0090913 0.3052260 0.0090294 0.3051129 0.2647176 0.0186764 0.0023198
7.9195980 0.0007027 0.0005791 0.0891451 0.0090578 0.3048082 0.0089958 0.3046944 0.2641025 0.0186171 0.0023139
7.9597990 0.0007053 0.0005870 0.0907386 0.0090242 0.3043806 0.0089623 0.3042662 0.2634831 0.0185579 0.0023080
8.0000000 0.0007079 0.0005950 0.0923557 0.0089907 0.3039432 0.0089289 0.3038281 0.2628594 0.0184989 0.0023022
